     laywind   0   0
          30
 end-of-data   0   0
 'START departure coefficients version 1.0'
        128 number of layers
         61 number of level
         100           1           1
 8.1699D-07 8.4211D-05 1.2627D-04 1.7868D-04 2.3749D-04 3.0878D-04 3.9833D-04 5.1002D-04 6.5457D-04 8.4228D-04
 1.0894D-03 1.4137D-03 1.8319D-03 2.3847D-03 3.0987D-03 4.0171D-03 5.1623D-03 6.6158D-03 8.4040D-03 1.0529D-02
 1.3093D-02 1.6072D-02 1.9488D-02 2.3318D-02 2.7466D-02 3.2062D-02 3.6912D-02 4.2172D-02 4.7716D-02 5.3403D-02
 5.9430D-02 6.5182D-02 7.1109D-02 7.7375D-02 8.3919D-02 9.0758D-02 9.7907D-02 1.0612D-01 1.1519D-01 1.2534D-01
 1.3650D-01 1.4951D-01 1.6477D-01 1.8300D-01 2.0509D-01 2.3206D-01 2.6538D-01 3.0670D-01 3.5777D-01 4.2026D-01
 4.9577D-01 5.8482D-01 6.8712D-01 7.9995D-01 8.9404D-01 9.8691D-01 1.0719D+00 1.1427D+00 1.1931D+00 1.2187D+00
 1.2176D+00 1.1929D+00 1.1517D+00 1.1031D+00 1.0565D+00 1.0271D+00 1.0090D+00 1.0016D+00 1.0000D+00 1.0003D+00
 1.0003D+00 1.0003D+00 1.0003D+00 1.0003D+00 1.0003D+00 1.0002D+00 1.0002D+00 1.0002D+00 1.0001D+00 1.0000D+00
 9.9999D-01 9.9994D-01 9.9985D-01 9.9985D-01 9.9994D-01 9.9992D-01 9.9991D-01 9.9991D-01 9.9990D-01 9.9991D-01
 9.9991D-01 9.9991D-01 9.9993D-01 9.9994D-01 9.9996D-01 1.0000D+00 1.0001D+00 1.0002D+00 9.9940D-01 9.9987D-01
 9.9995D-01 1.0000D+00 1.0001D+00 1.0001D+00 1.0002D+00 1.0002D+00 1.0002D+00 1.0002D+00 1.0002D+00 1.0002D+00
 1.0001D+00 1.0001D+00 1.0001D+00 1.0000D+00 9.9999D-01 1.0000D+00 1.0000D+00 1.0000D+00 1.0000D+00 1.0000D+00
 1.0000D+00 1.0000D+00 1.0000D+00 1.0000D+00 1.0000D+00 1.0000D+00 1.0000D+00 1.0000D+00
         100           2           1
 1.3240D-06 4.0584D-01 4.8423D-01 5.5988D-01 6.3950D-01 7.2663D-01 8.2368D-01 9.3189D-01 1.0540D+00 1.1927D+00
 1.3511D+00 1.5309D+00 1.7326D+00 1.9591D+00 2.2090D+00 2.4820D+00 2.7732D+00 3.0833D+00 3.4050D+00 3.7295D+00
 4.0561D+00 4.3739D+00 4.6776D+00 4.9601D+00 5.2131D+00 5.4409D+00 5.6340D+00 5.7989D+00 5.9316D+00 6.0295D+00
 6.1004D+00 6.1306D+00 6.1349D+00 6.1190D+00 6.0822D+00 6.0249D+00 5.9439D+00 5.8608D+00 5.7694D+00 5.6654D+00
 5.5460D+00 5.4171D+00 5.2782D+00 5.1303D+00 4.9744D+00 4.8108D+00 4.6411D+00 4.4665D+00 4.2876D+00 4.1040D+00
 3.9159D+00 3.7216D+00 3.5199D+00 3.3095D+00 3.1297D+00 2.9406D+00 2.7408D+00 2.5303D+00 2.3099D+00 2.0820D+00
 1.8525D+00 1.6328D+00 1.4359D+00 1.2693D+00 1.1391D+00 1.0782D+00 1.0347D+00 1.0082D+00 9.9778D-01 1.0014D+00
 1.0058D+00 1.0105D+00 1.0151D+00 1.0190D+00 1.0221D+00 1.0242D+00 1.0252D+00 1.0252D+00 1.0243D+00 1.0227D+00
 1.0204D+00 1.0176D+00 1.0143D+00 1.0117D+00 1.0095D+00 1.0081D+00 1.0071D+00 1.0064D+00 1.0058D+00 1.0054D+00
 1.0050D+00 1.0046D+00 1.0043D+00 1.0041D+00 1.0040D+00 1.0040D+00 1.0046D+00 1.0057D+00 1.0047D+00 1.0077D+00
 1.0064D+00 1.0046D+00 1.0032D+00 1.0025D+00 1.0020D+00 1.0013D+00 1.0007D+00 1.0004D+00 1.0002D+00 1.0001D+00
 1.0001D+00 1.0000D+00 1.0000D+00 1.0000D+00 1.0000D+00 1.0000D+00 1.0000D+00 1.0000D+00 1.0000D+00 1.0000D+00
 1.0000D+00 1.0000D+00 1.0000D+00 1.0000D+00 1.0000D+00 1.0000D+00 1.0000D+00 1.0000D+00
         100           3           1
 6.7776D-04 1.0728D-01 1.2376D-01 1.3955D-01 1.5677D-01 1.7571D-01 1.9668D-01 2.1993D-01 2.4573D-01 2.7454D-01
 3.0672D-01 3.4247D-01 3.8182D-01 4.2481D-01 4.7117D-01 5.2058D-01 5.7228D-01 6.2590D-01 6.8042D-01 7.3467D-01
 7.8820D-01 8.3975D-01 8.8857D-01 9.3387D-01 9.7478D-01 1.0116D+00 1.0437D+00 1.0716D+00 1.0954D+00 1.1151D+00
 1.1318D+00 1.1445D+00 1.1548D+00 1.1631D+00 1.1695D+00 1.1741D+00 1.1761D+00 1.1779D+00 1.1792D+00 1.1802D+00
 1.1814D+00 1.1846D+00 1.1912D+00 1.2023D+00 1.2193D+00 1.2429D+00 1.2737D+00 1.3125D+00 1.3602D+00 1.4187D+00
 1.4901D+00 1.5772D+00 1.6818D+00 1.8034D+00 1.9102D+00 2.0177D+00 2.1174D+00 2.1983D+00 2.2478D+00 2.2495D+00
 2.1899D+00 2.0703D+00 1.9075D+00 1.7260D+00 1.5521D+00 1.4262D+00 1.3186D+00 1.2338D+00 1.1690D+00 1.1496D+00
 1.1329D+00 1.1179D+00 1.1042D+00 1.0915D+00 1.0797D+00 1.0686D+00 1.0583D+00 1.0488D+00 1.0402D+00 1.0325D+00
 1.0257D+00 1.0197D+00 1.0145D+00 1.0106D+00 1.0084D+00 1.0068D+00 1.0056D+00 1.0047D+00 1.0040D+00 1.0034D+00
 1.0029D+00 1.0026D+00 1.0022D+00 1.0020D+00 1.0018D+00 1.0017D+00 1.0018D+00 1.0022D+00 1.0019D+00 1.0028D+00
 1.0020D+00 1.0013D+00 1.0008D+00 1.0006D+00 1.0004D+00 1.0002D+00 1.0001D+00 1.0001D+00 1.0000D+00 1.0000D+00
 1.0000D+00 1.0000D+00 1.0000D+00 1.0000D+00 1.0000D+00 1.0000D+00 1.0000D+00 1.0000D+00 1.0000D+00 1.0000D+00
 1.0000D+00 1.0000D+00 1.0000D+00 1.0000D+00 1.0000D+00 1.0000D+00 1.0000D+00 1.0000D+00
         100           4           1
 7.7173D-03 2.0391D-01 2.3110D-01 2.5656D-01 2.8416D-01 3.1388D-01 3.4591D-01 3.8048D-01 4.1767D-01 4.5799D-01
 5.0171D-01 5.4894D-01 5.9961D-01 6.5351D-01 7.1033D-01 7.6962D-01 8.3067D-01 8.9298D-01 9.5570D-01 1.0178D+00
 1.0790D+00 1.1381D+00 1.1946D+00 1.2476D+00 1.2963D+00 1.3404D+00 1.3790D+00 1.4123D+00 1.4398D+00 1.4613D+00
 1.4772D+00 1.4866D+00 1.4906D+00 1.4897D+00 1.4838D+00 1.4732D+00 1.4578D+00 1.4393D+00 1.4175D+00 1.3924D+00
 1.3643D+00 1.3341D+00 1.3025D+00 1.2703D+00 1.2382D+00 1.2072D+00 1.1779D+00 1.1512D+00 1.1279D+00 1.1093D+00
 1.0972D+00 1.0944D+00 1.1046D+00 1.1325D+00 1.1713D+00 1.2266D+00 1.2971D+00 1.3789D+00 1.4651D+00 1.5450D+00
 1.6036D+00 1.6260D+00 1.6029D+00 1.5360D+00 1.4396D+00 1.3467D+00 1.2549D+00 1.1788D+00 1.1203D+00 1.1023D+00
 1.0868D+00 1.0734D+00 1.0618D+00 1.0517D+00 1.0428D+00 1.0351D+00 1.0285D+00 1.0228D+00 1.0180D+00 1.0140D+00
 1.0106D+00 1.0079D+00 1.0056D+00 1.0040D+00 1.0031D+00 1.0025D+00 1.0020D+00 1.0016D+00 1.0014D+00 1.0011D+00
 1.0010D+00 1.0008D+00 1.0007D+00 1.0006D+00 1.0006D+00 1.0005D+00 1.0005D+00 1.0006D+00 1.0006D+00 1.0007D+00
 1.0005D+00 1.0003D+00 1.0002D+00 1.0001D+00 1.0001D+00 1.0000D+00 1.0000D+00 1.0000D+00 1.0000D+00 1.0000D+00
 1.0000D+00 1.0000D+00 1.0000D+00 1.0000D+00 1.0000D+00 1.0000D+00 1.0000D+00 1.0000D+00 1.0000D+00 1.0000D+00
 1.0000D+00 1.0000D+00 1.0000D+00 1.0000D+00 1.0000D+00 1.0000D+00 1.0000D+00 1.0000D+00
         100           5           1
 2.5567D-02 2.9598D-01 3.3741D-01 3.7849D-01 4.2487D-01 4.7645D-01 5.3354D-01 5.9641D-01 6.6492D-01 7.3947D-01
 8.1992D-01 9.0563D-01 9.9553D-01 1.0879D+00 1.1808D+00 1.2719D+00 1.3588D+00 1.4392D+00 1.5112D+00 1.5732D+00
 1.6258D+00 1.6691D+00 1.7046D+00 1.7339D+00 1.7585D+00 1.7798D+00 1.7981D+00 1.8135D+00 1.8250D+00 1.8314D+00
 1.8320D+00 1.8250D+00 1.8110D+00 1.7903D+00 1.7635D+00 1.7312D+00 1.6943D+00 1.6549D+00 1.6136D+00 1.5707D+00
 1.5265D+00 1.4819D+00 1.4376D+00 1.3942D+00 1.3523D+00 1.3127D+00 1.2753D+00 1.2401D+00 1.2066D+00 1.1745D+00
 1.1438D+00 1.1157D+00 1.0923D+00 1.0769D+00 1.0736D+00 1.0820D+00 1.1052D+00 1.1450D+00 1.1999D+00 1.2606D+00
 1.3128D+00 1.3444D+00 1.3462D+00 1.3148D+00 1.2584D+00 1.1989D+00 1.1404D+00 1.0936D+00 1.0597D+00 1.0494D+00
 1.0408D+00 1.0336D+00 1.0276D+00 1.0225D+00 1.0182D+00 1.0146D+00 1.0116D+00 1.0091D+00 1.0071D+00 1.0054D+00
 1.0040D+00 1.0029D+00 1.0021D+00 1.0015D+00 1.0011D+00 1.0009D+00 1.0007D+00 1.0006D+00 1.0005D+00 1.0004D+00
 1.0003D+00 1.0003D+00 1.0002D+00 1.0002D+00 1.0002D+00 1.0002D+00 1.0002D+00 1.0002D+00 1.0002D+00 1.0002D+00
 1.0002D+00 1.0001D+00 1.0001D+00 1.0000D+00 1.0000D+00 1.0000D+00 1.0000D+00 1.0000D+00 1.0000D+00 1.0000D+00
 1.0000D+00 1.0000D+00 1.0000D+00 1.0000D+00 1.0000D+00 1.0000D+00 1.0000D+00 1.0000D+00 1.0000D+00 1.0000D+00
 1.0000D+00 1.0000D+00 1.0000D+00 1.0000D+00 1.0000D+00 1.0000D+00 1.0000D+00 1.0000D+00
         100           6           1
 5.1149D-02 1.9996D-01 2.2214D-01 2.4416D-01 2.6928D-01 2.9744D-01 3.2920D-01 3.6501D-01 4.0521D-01 4.5052D-01
 5.0145D-01 5.5833D-01 6.2128D-01 6.9016D-01 7.6476D-01 8.4454D-01 9.2858D-01 1.0158D+00 1.1048D+00 1.1940D+00
 1.2807D+00 1.3640D+00 1.4426D+00 1.5152D+00 1.5809D+00 1.6395D+00 1.6905D+00 1.7343D+00 1.7708D+00 1.7999D+00
 1.8224D+00 1.8376D+00 1.8468D+00 1.8506D+00 1.8495D+00 1.8440D+00 1.8347D+00 1.8239D+00 1.8117D+00 1.7983D+00
 1.7831D+00 1.7659D+00 1.7455D+00 1.7207D+00 1.6906D+00 1.6550D+00 1.6143D+00 1.5693D+00 1.5211D+00 1.4711D+00
 1.4209D+00 1.3722D+00 1.3273D+00 1.2889D+00 1.2646D+00 1.2474D+00 1.2365D+00 1.2287D+00 1.2201D+00 1.2109D+00
 1.2017D+00 1.1877D+00 1.1633D+00 1.1337D+00 1.1049D+00 1.0797D+00 1.0558D+00 1.0369D+00 1.0234D+00 1.0193D+00
 1.0159D+00 1.0131D+00 1.0107D+00 1.0088D+00 1.0071D+00 1.0057D+00 1.0045D+00 1.0036D+00 1.0028D+00 1.0021D+00
 1.0016D+00 1.0012D+00 1.0008D+00 1.0006D+00 1.0004D+00 1.0004D+00 1.0003D+00 1.0002D+00 1.0002D+00 1.0002D+00
 1.0001D+00 1.0001D+00 1.0001D+00 1.0001D+00 1.0001D+00 1.0001D+00 1.0001D+00 1.0001D+00 1.0001D+00 1.0001D+00
 1.0001D+00 1.0000D+00 1.0000D+00 1.0000D+00 1.0000D+00 1.0000D+00 1.0000D+00 1.0000D+00 1.0000D+00 1.0000D+00
 1.0000D+00 1.0000D+00 1.0000D+00 1.0000D+00 1.0000D+00 1.0000D+00 1.0000D+00 1.0000D+00 1.0000D+00 1.0000D+00
 1.0000D+00 1.0000D+00 1.0000D+00 1.0000D+00 1.0000D+00 1.0000D+00 1.0000D+00 1.0000D+00
         100           7           1
 8.0163D-02 2.3783D-01 2.6187D-01 2.8326D-01 3.0789D-01 3.3331D-01 3.6061D-01 3.8949D-01 4.2043D-01 4.5450D-01
 4.9275D-01 5.3571D-01 5.8361D-01 6.3656D-01 6.9450D-01 7.5715D-01 8.2382D-01 8.9389D-01 9.6627D-01 1.0397D+00
 1.1128D+00 1.1844D+00 1.2532D+00 1.3183D+00 1.3787D+00 1.4342D+00 1.4839D+00 1.5283D+00 1.5669D+00 1.5995D+00
 1.6266D+00 1.6469D+00 1.6618D+00 1.6718D+00 1.6771D+00 1.6776D+00 1.6733D+00 1.6667D+00 1.6575D+00 1.6453D+00
 1.6294D+00 1.6107D+00 1.5891D+00 1.5645D+00 1.5370D+00 1.5069D+00 1.4744D+00 1.4399D+00 1.4041D+00 1.3671D+00
 1.3298D+00 1.2928D+00 1.2571D+00 1.2241D+00 1.2005D+00 1.1806D+00 1.1651D+00 1.1537D+00 1.1461D+00 1.1417D+00
 1.1387D+00 1.1329D+00 1.1201D+00 1.1004D+00 1.0777D+00 1.0578D+00 1.0397D+00 1.0257D+00 1.0160D+00 1.0131D+00
 1.0107D+00 1.0087D+00 1.0071D+00 1.0057D+00 1.0046D+00 1.0037D+00 1.0029D+00 1.0022D+00 1.0017D+00 1.0013D+00
 1.0010D+00 1.0007D+00 1.0005D+00 1.0003D+00 1.0003D+00 1.0002D+00 1.0002D+00 1.0001D+00 1.0001D+00 1.0001D+00
 1.0001D+00 1.0001D+00 1.0001D+00 1.0000D+00 1.0000D+00 1.0000D+00 1.0000D+00 1.0000D+00 1.0000D+00 1.0001D+00
 1.0000D+00 1.0000D+00 1.0000D+00 1.0000D+00 1.0000D+00 1.0000D+00 1.0000D+00 1.0000D+00 1.0000D+00 1.0000D+00
 1.0000D+00 1.0000D+00 1.0000D+00 1.0000D+00 1.0000D+00 1.0000D+00 1.0000D+00 1.0000D+00 1.0000D+00 1.0000D+00
 1.0000D+00 1.0000D+00 1.0000D+00 1.0000D+00 1.0000D+00 1.0000D+00 1.0000D+00 1.0000D+00
         100           8           1
 1.0947D-01 3.0276D-01 3.2246D-01 3.4029D-01 3.5959D-01 3.8000D-01 4.0166D-01 4.2465D-01 4.4895D-01 4.7490D-01
 5.0265D-01 5.3224D-01 5.6359D-01 5.9644D-01 6.3060D-01 6.6574D-01 7.0142D-01 7.3718D-01 7.7251D-01 8.0687D-01
 8.3980D-01 8.7088D-01 8.9985D-01 9.2650D-01 9.5070D-01 9.7266D-01 9.9236D-01 1.0102D+00 1.0263D+00 1.0409D+00
 1.0546D+00 1.0673D+00 1.0796D+00 1.0921D+00 1.1049D+00 1.1180D+00 1.1312D+00 1.1453D+00 1.1595D+00 1.1733D+00
 1.1860D+00 1.1971D+00 1.2062D+00 1.2126D+00 1.2162D+00 1.2170D+00 1.2150D+00 1.2105D+00 1.2036D+00 1.1947D+00
 1.1842D+00 1.1726D+00 1.1606D+00 1.1487D+00 1.1394D+00 1.1305D+00 1.1216D+00 1.1126D+00 1.1039D+00 1.0973D+00
 1.0926D+00 1.0872D+00 1.0776D+00 1.0632D+00 1.0471D+00 1.0335D+00 1.0221D+00 1.0138D+00 1.0083D+00 1.0067D+00
 1.0054D+00 1.0043D+00 1.0035D+00 1.0028D+00 1.0022D+00 1.0017D+00 1.0013D+00 1.0010D+00 1.0008D+00 1.0006D+00
 1.0004D+00 1.0003D+00 1.0002D+00 1.0001D+00 1.0001D+00 1.0001D+00 1.0001D+00 1.0001D+00 1.0000D+00 1.0000D+00
 1.0000D+00 1.0000D+00 1.0000D+00 1.0000D+00 1.0000D+00 1.0000D+00 1.0000D+00 1.0000D+00 1.0000D+00 1.0000D+00
 1.0000D+00 1.0000D+00 1.0000D+00 1.0000D+00 1.0000D+00 1.0000D+00 1.0000D+00 1.0000D+00 1.0000D+00 1.0000D+00
 1.0000D+00 1.0000D+00 1.0000D+00 1.0000D+00 1.0000D+00 1.0000D+00 1.0000D+00 1.0000D+00 1.0000D+00 1.0000D+00
 1.0000D+00 1.0000D+00 1.0000D+00 1.0000D+00 1.0000D+00 1.0000D+00 1.0000D+00 1.0000D+00
         100           9           1
 1.3789D-01 3.2636D-01 3.4644D-01 3.6534D-01 3.8607D-01 4.0841D-01 4.3243D-01 4.5820D-01 4.8560D-01 5.1487D-01
 5.4601D-01 5.7890D-01 6.1331D-01 6.4876D-01 6.8483D-01 7.2096D-01 7.5651D-01 7.9080D-01 8.2321D-01 8.5317D-01
 8.8024D-01 9.0412D-01 9.2473D-01 9.4211D-01 9.5642D-01 9.6807D-01 9.7728D-01 9.8458D-01 9.9027D-01 9.9465D-01
 9.9817D-01 1.0009D+00 1.0033D+00 1.0057D+00 1.0085D+00 1.0116D+00 1.0150D+00 1.0194D+00 1.0248D+00 1.0309D+00
 1.0376D+00 1.0449D+00 1.0525D+00 1.0602D+00 1.0677D+00 1.0747D+00 1.0810D+00 1.0861D+00 1.0899D+00 1.0920D+00
 1.0923D+00 1.0908D+00 1.0876D+00 1.0833D+00 1.0795D+00 1.0759D+00 1.0726D+00 1.0696D+00 1.0669D+00 1.0647D+00
 1.0624D+00 1.0584D+00 1.0511D+00 1.0409D+00 1.0296D+00 1.0203D+00 1.0130D+00 1.0079D+00 1.0046D+00 1.0037D+00
 1.0030D+00 1.0024D+00 1.0019D+00 1.0015D+00 1.0012D+00 1.0009D+00 1.0007D+00 1.0005D+00 1.0004D+00 1.0003D+00
 1.0002D+00 1.0001D+00 1.0001D+00 1.0001D+00 1.0001D+00 1.0000D+00 1.0000D+00 1.0000D+00 1.0000D+00 1.0000D+00
 1.0000D+00 1.0000D+00 1.0000D+00 1.0000D+00 1.0000D+00 1.0000D+00 1.0000D+00 1.0000D+00 1.0000D+00 1.0000D+00
 1.0000D+00 1.0000D+00 1.0000D+00 1.0000D+00 1.0000D+00 1.0000D+00 1.0000D+00 1.0000D+00 1.0000D+00 1.0000D+00
 1.0000D+00 1.0000D+00 1.0000D+00 1.0000D+00 1.0000D+00 1.0000D+00 1.0000D+00 1.0000D+00 1.0000D+00 1.0000D+00
 1.0000D+00 1.0000D+00 1.0000D+00 1.0000D+00 1.0000D+00 1.0000D+00 1.0000D+00 1.0000D+00
         100          10           1
 1.6372D-01 3.4426D-01 3.6274D-01 3.8028D-01 3.9970D-01 4.2092D-01 4.4409D-01 4.6938D-01 4.9678D-01 5.2656D-01
 5.5877D-01 5.9329D-01 6.2989D-01 6.6798D-01 7.0706D-01 7.4639D-01 7.8517D-01 8.2251D-01 8.5761D-01 8.8970D-01
 9.1818D-01 9.4263D-01 9.6283D-01 9.7879D-01 9.9064D-01 9.9884D-01 1.0037D+00 1.0060D+00 1.0062D+00 1.0047D+00
 1.0023D+00 9.9919D-01 9.9598D-01 9.9311D-01 9.9083D-01 9.8931D-01 9.8854D-01 9.8909D-01 9.9086D-01 9.9371D-01
 9.9750D-01 1.0022D+00 1.0077D+00 1.0137D+00 1.0201D+00 1.0267D+00 1.0332D+00 1.0394D+00 1.0451D+00 1.0500D+00
 1.0538D+00 1.0564D+00 1.0578D+00 1.0581D+00 1.0578D+00 1.0570D+00 1.0558D+00 1.0541D+00 1.0519D+00 1.0492D+00
 1.0458D+00 1.0409D+00 1.0340D+00 1.0258D+00 1.0179D+00 1.0118D+00 1.0074D+00 1.0044D+00 1.0025D+00 1.0020D+00
 1.0016D+00 1.0013D+00 1.0010D+00 1.0008D+00 1.0006D+00 1.0005D+00 1.0004D+00 1.0003D+00 1.0002D+00 1.0002D+00
 1.0001D+00 1.0001D+00 1.0001D+00 1.0000D+00 1.0000D+00 1.0000D+00 1.0000D+00 1.0000D+00 1.0000D+00 1.0000D+00
 1.0000D+00 1.0000D+00 1.0000D+00 1.0000D+00 1.0000D+00 1.0000D+00 1.0000D+00 1.0000D+00 1.0000D+00 1.0000D+00
 1.0000D+00 1.0000D+00 1.0000D+00 1.0000D+00 1.0000D+00 1.0000D+00 1.0000D+00 1.0000D+00 1.0000D+00 1.0000D+00
 1.0000D+00 1.0000D+00 1.0000D+00 1.0000D+00 1.0000D+00 1.0000D+00 1.0000D+00 1.0000D+00 1.0000D+00 1.0000D+00
 1.0000D+00 1.0000D+00 1.0000D+00 1.0000D+00 1.0000D+00 1.0000D+00 1.0000D+00 1.0000D+00
         100          11           1
 1.8790D-01 3.6309D-01 3.8031D-01 3.9656D-01 4.1448D-01 4.3405D-01 4.5544D-01 4.7888D-01 5.0441D-01 5.3238D-01
 5.6294D-01 5.9610D-01 6.3172D-01 6.6938D-01 7.0865D-01 7.4885D-01 7.8917D-01 8.2868D-01 8.6641D-01 9.0144D-01
 9.3297D-01 9.6033D-01 9.8314D-01 1.0012D+00 1.0147D+00 1.0238D+00 1.0289D+00 1.0307D+00 1.0298D+00 1.0266D+00
 1.0218D+00 1.0158D+00 1.0093D+00 1.0030D+00 9.9713D-01 9.9210D-01 9.8808D-01 9.8566D-01 9.8484D-01 9.8551D-01
 9.8759D-01 9.9103D-01 9.9565D-01 1.0012D+00 1.0075D+00 1.0143D+00 1.0212D+00 1.0280D+00 1.0343D+00 1.0398D+00
 1.0442D+00 1.0473D+00 1.0489D+00 1.0492D+00 1.0486D+00 1.0474D+00 1.0455D+00 1.0430D+00 1.0400D+00 1.0367D+00
 1.0329D+00 1.0283D+00 1.0228D+00 1.0167D+00 1.0113D+00 1.0073D+00 1.0045D+00 1.0026D+00 1.0015D+00 1.0012D+00
 1.0009D+00 1.0007D+00 1.0006D+00 1.0005D+00 1.0004D+00 1.0003D+00 1.0002D+00 1.0002D+00 1.0001D+00 1.0001D+00
 1.0001D+00 1.0000D+00 1.0000D+00 1.0000D+00 1.0000D+00 1.0000D+00 1.0000D+00 1.0000D+00 1.0000D+00 1.0000D+00
 1.0000D+00 1.0000D+00 1.0000D+00 1.0000D+00 1.0000D+00 1.0000D+00 1.0000D+00 1.0000D+00 1.0000D+00 1.0000D+00
 1.0000D+00 1.0000D+00 1.0000D+00 1.0000D+00 1.0000D+00 1.0000D+00 1.0000D+00 1.0000D+00 1.0000D+00 1.0000D+00
 1.0000D+00 1.0000D+00 1.0000D+00 1.0000D+00 1.0000D+00 1.0000D+00 1.0000D+00 1.0000D+00 1.0000D+00 1.0000D+00
 1.0000D+00 1.0000D+00 1.0000D+00 1.0000D+00 1.0000D+00 1.0000D+00 1.0000D+00 1.0000D+00
         100          12           1
 2.1012D-01 3.8091D-01 3.9728D-01 4.1267D-01 4.2957D-01 4.4794D-01 4.6793D-01 4.8977D-01 5.1351D-01 5.3949D-01
 5.6790D-01 5.9879D-01 6.3214D-01 6.6762D-01 7.0495D-01 7.4361D-01 7.8294D-01 8.2209D-01 8.6018D-01 8.9631D-01
 9.2956D-01 9.5917D-01 9.8455D-01 1.0053D+00 1.0213D+00 1.0327D+00 1.0397D+00 1.0429D+00 1.0428D+00 1.0399D+00
 1.0350D+00 1.0284D+00 1.0209D+00 1.0131D+00 1.0054D+00 9.9816D-01 9.9167D-01 9.8654D-01 9.8286D-01 9.8068D-01
 9.7996D-01 9.8074D-01 9.8284D-01 9.8610D-01 9.9028D-01 9.9513D-01 1.0004D+00 1.0058D+00 1.0111D+00 1.0160D+00
 1.0203D+00 1.0238D+00 1.0263D+00 1.0279D+00 1.0287D+00 1.0290D+00 1.0287D+00 1.0279D+00 1.0265D+00 1.0245D+00
 1.0220D+00 1.0188D+00 1.0149D+00 1.0108D+00 1.0071D+00 1.0045D+00 1.0028D+00 1.0016D+00 1.0009D+00 1.0007D+00
 1.0006D+00 1.0004D+00 1.0003D+00 1.0003D+00 1.0002D+00 1.0002D+00 1.0001D+00 1.0001D+00 1.0001D+00 1.0001D+00
 1.0000D+00 1.0000D+00 1.0000D+00 1.0000D+00 1.0000D+00 1.0000D+00 1.0000D+00 1.0000D+00 1.0000D+00 1.0000D+00
 1.0000D+00 1.0000D+00 1.0000D+00 1.0000D+00 1.0000D+00 1.0000D+00 1.0000D+00 1.0000D+00 1.0000D+00 1.0000D+00
 1.0000D+00 1.0000D+00 1.0000D+00 1.0000D+00 1.0000D+00 1.0000D+00 1.0000D+00 1.0000D+00 1.0000D+00 1.0000D+00
 1.0000D+00 1.0000D+00 1.0000D+00 1.0000D+00 1.0000D+00 1.0000D+00 1.0000D+00 1.0000D+00 1.0000D+00 1.0000D+00
 1.0000D+00 1.0000D+00 1.0000D+00 1.0000D+00 1.0000D+00 1.0000D+00 1.0000D+00 1.0000D+00
         100          13           1
 2.3057D-01 3.9705D-01 4.1285D-01 4.2769D-01 4.4391D-01 4.6147D-01 4.8050D-01 5.0120D-01 5.2361D-01 5.4805D-01
 5.7470D-01 6.0361D-01 6.3478D-01 6.6795D-01 7.0290D-01 7.3920D-01 7.7632D-01 8.1357D-01 8.5018D-01 8.8537D-01
 9.1831D-01 9.4826D-01 9.7459D-01 9.9684D-01 1.0147D+00 1.0282D+00 1.0373D+00 1.0425D+00 1.0442D+00 1.0427D+00
 1.0389D+00 1.0330D+00 1.0259D+00 1.0181D+00 1.0102D+00 1.0025D+00 9.9537D-01 9.8934D-01 9.8457D-01 9.8116D-01
 9.7915D-01 9.7860D-01 9.7942D-01 9.8144D-01 9.8446D-01 9.8822D-01 9.9248D-01 9.9699D-01 1.0015D+00 1.0059D+00
 1.0098D+00 1.0132D+00 1.0160D+00 1.0180D+00 1.0191D+00 1.0197D+00 1.0198D+00 1.0193D+00 1.0183D+00 1.0169D+00
 1.0150D+00 1.0126D+00 1.0098D+00 1.0070D+00 1.0046D+00 1.0029D+00 1.0017D+00 1.0010D+00 1.0006D+00 1.0004D+00
 1.0004D+00 1.0003D+00 1.0002D+00 1.0002D+00 1.0001D+00 1.0001D+00 1.0001D+00 1.0001D+00 1.0000D+00 1.0000D+00
 1.0000D+00 1.0000D+00 1.0000D+00 1.0000D+00 1.0000D+00 1.0000D+00 1.0000D+00 1.0000D+00 1.0000D+00 1.0000D+00
 1.0000D+00 1.0000D+00 1.0000D+00 1.0000D+00 1.0000D+00 1.0000D+00 1.0000D+00 1.0000D+00 1.0000D+00 1.0000D+00
 1.0000D+00 1.0000D+00 1.0000D+00 1.0000D+00 1.0000D+00 1.0000D+00 1.0000D+00 1.0000D+00 1.0000D+00 1.0000D+00
 1.0000D+00 1.0000D+00 1.0000D+00 1.0000D+00 1.0000D+00 1.0000D+00 1.0000D+00 1.0000D+00 1.0000D+00 1.0000D+00
 1.0000D+00 1.0000D+00 1.0000D+00 1.0000D+00 1.0000D+00 1.0000D+00 1.0000D+00 1.0000D+00
         100          14           1
 2.4939D-01 4.1156D-01 4.2691D-01 4.4135D-01 4.5709D-01 4.7407D-01 4.9240D-01 5.1226D-01 5.3368D-01 5.5697D-01
 5.8227D-01 6.0965D-01 6.3909D-01 6.7035D-01 7.0324D-01 7.3740D-01 7.7237D-01 8.0753D-01 8.4225D-01 8.7585D-01
 9.0762D-01 9.3688D-01 9.6306D-01 9.8569D-01 1.0044D+00 1.0192D+00 1.0299D+00 1.0368D+00 1.0402D+00 1.0404D+00
 1.0380D+00 1.0333D+00 1.0271D+00 1.0200D+00 1.0125D+00 1.0050D+00 9.9791D-01 9.9176D-01 9.8672D-01 9.8287D-01
 9.8028D-01 9.7899D-01 9.7894D-01 9.8002D-01 9.8206D-01 9.8486D-01 9.8819D-01 9.9185D-01 9.9561D-01 9.9929D-01
 1.0027D+00 1.0057D+00 1.0083D+00 1.0103D+00 1.0115D+00 1.0123D+00 1.0127D+00 1.0126D+00 1.0121D+00 1.0112D+00
 1.0100D+00 1.0083D+00 1.0065D+00 1.0046D+00 1.0030D+00 1.0019D+00 1.0011D+00 1.0007D+00 1.0004D+00 1.0003D+00
 1.0002D+00 1.0002D+00 1.0001D+00 1.0001D+00 1.0001D+00 1.0001D+00 1.0001D+00 1.0000D+00 1.0000D+00 1.0000D+00
 1.0000D+00 1.0000D+00 1.0000D+00 1.0000D+00 1.0000D+00 1.0000D+00 1.0000D+00 1.0000D+00 1.0000D+00 1.0000D+00
 1.0000D+00 1.0000D+00 1.0000D+00 1.0000D+00 1.0000D+00 1.0000D+00 1.0000D+00 1.0000D+00 1.0000D+00 1.0000D+00
 1.0000D+00 1.0000D+00 1.0000D+00 1.0000D+00 1.0000D+00 1.0000D+00 1.0000D+00 1.0000D+00 1.0000D+00 1.0000D+00
 1.0000D+00 1.0000D+00 1.0000D+00 1.0000D+00 1.0000D+00 1.0000D+00 1.0000D+00 1.0000D+00 1.0000D+00 1.0000D+00
 1.0000D+00 1.0000D+00 1.0000D+00 1.0000D+00 1.0000D+00 1.0000D+00 1.0000D+00 1.0000D+00
         100          15           1
 2.6677D-01 4.2442D-01 4.3939D-01 4.5350D-01 4.6884D-01 4.8536D-01 5.0314D-01 5.2235D-01 5.4301D-01 5.6540D-01
 5.8966D-01 6.1582D-01 6.4389D-01 6.7362D-01 7.0484D-01 7.3721D-01 7.7031D-01 8.0358D-01 8.3647D-01 8.6837D-01
 8.9867D-01 9.2678D-01 9.5220D-01 9.7449D-01 9.9334D-01 1.0086D+00 1.0203D+00 1.0284D+00 1.0331D+00 1.0348D+00
 1.0338D+00 1.0305D+00 1.0256D+00 1.0195D+00 1.0129D+00 1.0061D+00 9.9959D-01 9.9384D-01 9.8907D-01 9.8535D-01
 9.8275D-01 9.8129D-01 9.8093D-01 9.8155D-01 9.8301D-01 9.8514D-01 9.8776D-01 9.9069D-01 9.9375D-01 9.9678D-01
 9.9963D-01 1.0022D+00 1.0044D+00 1.0061D+00 1.0072D+00 1.0079D+00 1.0084D+00 1.0085D+00 1.0082D+00 1.0076D+00
 1.0068D+00 1.0057D+00 1.0044D+00 1.0031D+00 1.0020D+00 1.0013D+00 1.0008D+00 1.0004D+00 1.0003D+00 1.0002D+00
 1.0002D+00 1.0001D+00 1.0001D+00 1.0001D+00 1.0001D+00 1.0000D+00 1.0000D+00 1.0000D+00 1.0000D+00 1.0000D+00
 1.0000D+00 1.0000D+00 1.0000D+00 1.0000D+00 1.0000D+00 1.0000D+00 1.0000D+00 1.0000D+00 1.0000D+00 1.0000D+00
 1.0000D+00 1.0000D+00 1.0000D+00 1.0000D+00 1.0000D+00 1.0000D+00 1.0000D+00 1.0000D+00 1.0000D+00 1.0000D+00
 1.0000D+00 1.0000D+00 1.0000D+00 1.0000D+00 1.0000D+00 1.0000D+00 1.0000D+00 1.0000D+00 1.0000D+00 1.0000D+00
 1.0000D+00 1.0000D+00 1.0000D+00 1.0000D+00 1.0000D+00 1.0000D+00 1.0000D+00 1.0000D+00 1.0000D+00 1.0000D+00
 1.0000D+00 1.0000D+00 1.0000D+00 1.0000D+00 1.0000D+00 1.0000D+00 1.0000D+00 1.0000D+00
         100          16           1
 2.8270D-01 4.3569D-01 4.5028D-01 4.6407D-01 4.7906D-01 4.9516D-01 5.1246D-01 5.3111D-01 5.5112D-01 5.7275D-01
 5.9612D-01 6.2128D-01 6.4819D-01 6.7663D-01 7.0643D-01 7.3726D-01 7.6874D-01 8.0035D-01 8.3159D-01 8.6190D-01
 8.9074D-01 9.1758D-01 9.4200D-01 9.6362D-01 9.8214D-01 9.9747D-01 1.0095D+00 1.0183D+00 1.0240D+00 1.0268D+00
 1.0271D+00 1.0251D+00 1.0214D+00 1.0166D+00 1.0110D+00 1.0052D+00 9.9945D-01 9.9436D-01 9.9010D-01 9.8678D-01
 9.8444D-01 9.8313D-01 9.8276D-01 9.8323D-01 9.8442D-01 9.8616D-01 9.8831D-01 9.9072D-01 9.9325D-01 9.9576D-01
 9.9814D-01 1.0003D+00 1.0021D+00 1.0036D+00 1.0045D+00 1.0052D+00 1.0056D+00 1.0058D+00 1.0056D+00 1.0053D+00
 1.0047D+00 1.0040D+00 1.0031D+00 1.0022D+00 1.0014D+00 1.0009D+00 1.0005D+00 1.0003D+00 1.0002D+00 1.0001D+00
 1.0001D+00 1.0001D+00 1.0001D+00 1.0001D+00 1.0000D+00 1.0000D+00 1.0000D+00 1.0000D+00 1.0000D+00 1.0000D+00
 1.0000D+00 1.0000D+00 1.0000D+00 1.0000D+00 1.0000D+00 1.0000D+00 1.0000D+00 1.0000D+00 1.0000D+00 1.0000D+00
 1.0000D+00 1.0000D+00 1.0000D+00 1.0000D+00 1.0000D+00 1.0000D+00 1.0000D+00 1.0000D+00 1.0000D+00 1.0000D+00
 1.0000D+00 1.0000D+00 1.0000D+00 1.0000D+00 1.0000D+00 1.0000D+00 1.0000D+00 1.0000D+00 1.0000D+00 1.0000D+00
 1.0000D+00 1.0000D+00 1.0000D+00 1.0000D+00 1.0000D+00 1.0000D+00 1.0000D+00 1.0000D+00 1.0000D+00 1.0000D+00
 1.0000D+00 1.0000D+00 1.0000D+00 1.0000D+00 1.0000D+00 1.0000D+00 1.0000D+00 1.0000D+00
         100          17           1
 2.9760D-01 4.4617D-01 4.6041D-01 4.7393D-01 4.8860D-01 5.0435D-01 5.2124D-01 5.3941D-01 5.5887D-01 5.7987D-01
 6.0249D-01 6.2679D-01 6.5274D-01 6.8010D-01 7.0870D-01 7.3824D-01 7.6834D-01 7.9853D-01 8.2831D-01 8.5720D-01
 8.8469D-01 9.1032D-01 9.3369D-01 9.5449D-01 9.7247D-01 9.8754D-01 9.9959D-01 1.0087D+00 1.0150D+00 1.0186D+00
 1.0198D+00 1.0189D+00 1.0163D+00 1.0125D+00 1.0080D+00 1.0031D+00 9.9826D-01 9.9391D-01 9.9027D-01 9.8744D-01
 9.8548D-01 9.8442D-01 9.8418D-01 9.8467D-01 9.8576D-01 9.8731D-01 9.8919D-01 9.9127D-01 9.9344D-01 9.9560D-01
 9.9764D-01 9.9948D-01 1.0011D+00 1.0023D+00 1.0031D+00 1.0037D+00 1.0041D+00 1.0042D+00 1.0041D+00 1.0039D+00
 1.0035D+00 1.0029D+00 1.0023D+00 1.0016D+00 1.0010D+00 1.0007D+00 1.0004D+00 1.0002D+00 1.0001D+00 1.0001D+00
 1.0001D+00 1.0001D+00 1.0001D+00 1.0000D+00 1.0000D+00 1.0000D+00 1.0000D+00 1.0000D+00 1.0000D+00 1.0000D+00
 1.0000D+00 1.0000D+00 1.0000D+00 1.0000D+00 1.0000D+00 1.0000D+00 1.0000D+00 1.0000D+00 1.0000D+00 1.0000D+00
 1.0000D+00 1.0000D+00 1.0000D+00 1.0000D+00 1.0000D+00 1.0000D+00 1.0000D+00 1.0000D+00 1.0000D+00 1.0000D+00
 1.0000D+00 1.0000D+00 1.0000D+00 1.0000D+00 1.0000D+00 1.0000D+00 1.0000D+00 1.0000D+00 1.0000D+00 1.0000D+00
 1.0000D+00 1.0000D+00 1.0000D+00 1.0000D+00 1.0000D+00 1.0000D+00 1.0000D+00 1.0000D+00 1.0000D+00 1.0000D+00
 1.0000D+00 1.0000D+00 1.0000D+00 1.0000D+00 1.0000D+00 1.0000D+00 1.0000D+00 1.0000D+00
         100          18           1
 3.1154D-01 4.5590D-01 4.6983D-01 4.8310D-01 4.9750D-01 5.1294D-01 5.2948D-01 5.4725D-01 5.6625D-01 5.8670D-01
 6.0871D-01 6.3229D-01 6.5742D-01 6.8387D-01 7.1147D-01 7.3992D-01 7.6886D-01 7.9784D-01 8.2639D-01 8.5405D-01
 8.8036D-01 9.0489D-01 9.2730D-01 9.4730D-01 9.6467D-01 9.7937D-01 9.9128D-01 1.0005D+00 1.0071D+00 1.0112D+00
 1.0132D+00 1.0131D+00 1.0114D+00 1.0086D+00 1.0051D+00 1.0011D+00 9.9703D-01 9.9339D-01 9.9034D-01 9.8798D-01
 9.8637D-01 9.8553D-01 9.8540D-01 9.8588D-01 9.8687D-01 9.8824D-01 9.8986D-01 9.9165D-01 9.9350D-01 9.9533D-01
 9.9708D-01 9.9867D-01 1.0000D+00 1.0012D+00 1.0019D+00 1.0025D+00 1.0029D+00 1.0030D+00 1.0030D+00 1.0029D+00
 1.0026D+00 1.0022D+00 1.0017D+00 1.0012D+00 1.0008D+00 1.0005D+00 1.0003D+00 1.0002D+00 1.0001D+00 1.0001D+00
 1.0001D+00 1.0001D+00 1.0000D+00 1.0000D+00 1.0000D+00 1.0000D+00 1.0000D+00 1.0000D+00 1.0000D+00 1.0000D+00
 1.0000D+00 1.0000D+00 1.0000D+00 1.0000D+00 1.0000D+00 1.0000D+00 1.0000D+00 1.0000D+00 1.0000D+00 1.0000D+00
 1.0000D+00 1.0000D+00 1.0000D+00 1.0000D+00 1.0000D+00 1.0000D+00 1.0000D+00 1.0000D+00 1.0000D+00 1.0000D+00
 1.0000D+00 1.0000D+00 1.0000D+00 1.0000D+00 1.0000D+00 1.0000D+00 1.0000D+00 1.0000D+00 1.0000D+00 1.0000D+00
 1.0000D+00 1.0000D+00 1.0000D+00 1.0000D+00 1.0000D+00 1.0000D+00 1.0000D+00 1.0000D+00 1.0000D+00 1.0000D+00
 1.0000D+00 1.0000D+00 1.0000D+00 1.0000D+00 1.0000D+00 1.0000D+00 1.0000D+00 1.0000D+00
         100          19           1
 3.2461D-01 4.6503D-01 4.7867D-01 4.9171D-01 5.0587D-01 5.2104D-01 5.3728D-01 5.5470D-01 5.7329D-01 5.9327D-01
 6.1474D-01 6.3770D-01 6.6213D-01 6.8779D-01 7.1453D-01 7.4204D-01 7.6999D-01 7.9792D-01 8.2541D-01 8.5201D-01
 8.7729D-01 9.0086D-01 9.2240D-01 9.4165D-01 9.5845D-01 9.7273D-01 9.8443D-01 9.9364D-01 1.0004D+00 1.0049D+00
 1.0074D+00 1.0080D+00 1.0071D+00 1.0051D+00 1.0023D+00 9.9917D-01 9.9586D-01 9.9286D-01 9.9036D-01 9.8844D-01
 9.8716D-01 9.8654D-01 9.8653D-01 9.8704D-01 9.8797D-01 9.8921D-01 9.9066D-01 9.9224D-01 9.9386D-01 9.9546D-01
 9.9698D-01 9.9837D-01 9.9959D-01 1.0006D+00 1.0013D+00 1.0018D+00 1.0021D+00 1.0023D+00 1.0024D+00 1.0023D+00
 1.0021D+00 1.0018D+00 1.0014D+00 1.0010D+00 1.0006D+00 1.0004D+00 1.0003D+00 1.0001D+00 1.0001D+00 1.0001D+00
 1.0001D+00 1.0000D+00 1.0000D+00 1.0000D+00 1.0000D+00 1.0000D+00 1.0000D+00 1.0000D+00 1.0000D+00 1.0000D+00
 1.0000D+00 1.0000D+00 1.0000D+00 1.0000D+00 1.0000D+00 1.0000D+00 1.0000D+00 1.0000D+00 1.0000D+00 1.0000D+00
 1.0000D+00 1.0000D+00 1.0000D+00 1.0000D+00 1.0000D+00 1.0000D+00 1.0000D+00 1.0000D+00 1.0000D+00 1.0000D+00
 1.0000D+00 1.0000D+00 1.0000D+00 1.0000D+00 1.0000D+00 1.0000D+00 1.0000D+00 1.0000D+00 1.0000D+00 1.0000D+00
 1.0000D+00 1.0000D+00 1.0000D+00 1.0000D+00 1.0000D+00 1.0000D+00 1.0000D+00 1.0000D+00 1.0000D+00 1.0000D+00
 1.0000D+00 1.0000D+00 1.0000D+00 1.0000D+00 1.0000D+00 1.0000D+00 1.0000D+00 1.0000D+00
         100          20           1
 3.3689D-01 4.7359D-01 4.8696D-01 4.9980D-01 5.1373D-01 5.2866D-01 5.4461D-01 5.6172D-01 5.7995D-01 5.9951D-01
 6.2050D-01 6.4291D-01 6.6672D-01 6.9169D-01 7.1767D-01 7.4436D-01 7.7144D-01 7.9846D-01 8.2502D-01 8.5069D-01
 8.7508D-01 8.9780D-01 9.1857D-01 9.3716D-01 9.5342D-01 9.6730D-01 9.7877D-01 9.8791D-01 9.9481D-01 9.9958D-01
 1.0024D+00 1.0036D+00 1.0033D+00 1.0020D+00 9.9990D-01 9.9741D-01 9.9474D-01 9.9230D-01 9.9028D-01 9.8874D-01
 9.8774D-01 9.8731D-01 9.8740D-01 9.8794D-01 9.8884D-01 9.8999D-01 9.9132D-01 9.9274D-01 9.9419D-01 9.9561D-01
 9.9697D-01 9.9821D-01 9.9930D-01 1.0002D+00 1.0008D+00 1.0013D+00 1.0017D+00 1.0019D+00 1.0019D+00 1.0019D+00
 1.0017D+00 1.0015D+00 1.0011D+00 1.0008D+00 1.0005D+00 1.0003D+00 1.0002D+00 1.0001D+00 1.0001D+00 1.0001D+00
 1.0000D+00 1.0000D+00 1.0000D+00 1.0000D+00 1.0000D+00 1.0000D+00 1.0000D+00 1.0000D+00 1.0000D+00 1.0000D+00
 1.0000D+00 1.0000D+00 1.0000D+00 1.0000D+00 1.0000D+00 1.0000D+00 1.0000D+00 1.0000D+00 1.0000D+00 1.0000D+00
 1.0000D+00 1.0000D+00 1.0000D+00 1.0000D+00 1.0000D+00 1.0000D+00 1.0000D+00 1.0000D+00 1.0000D+00 1.0000D+00
 1.0000D+00 1.0000D+00 1.0000D+00 1.0000D+00 1.0000D+00 1.0000D+00 1.0000D+00 1.0000D+00 1.0000D+00 1.0000D+00
 1.0000D+00 1.0000D+00 1.0000D+00 1.0000D+00 1.0000D+00 1.0000D+00 1.0000D+00 1.0000D+00 1.0000D+00 1.0000D+00
 1.0000D+00 1.0000D+00 1.0000D+00 1.0000D+00 1.0000D+00 1.0000D+00 1.0000D+00 1.0000D+00
         100          21           1
 3.4844D-01 4.8164D-01 4.9476D-01 5.0742D-01 5.2115D-01 5.3585D-01 5.5155D-01 5.6837D-01 5.8627D-01 6.0547D-01
 6.2602D-01 6.4794D-01 6.7120D-01 6.9556D-01 7.2087D-01 7.4684D-01 7.7315D-01 7.9938D-01 8.2513D-01 8.5000D-01
 8.7361D-01 8.9560D-01 9.1571D-01 9.3372D-01 9.4951D-01 9.6305D-01 9.7430D-01 9.8337D-01 9.9032D-01 9.9528D-01
 9.9847D-01 1.0000D+00 1.0002D+00 9.9947D-01 9.9796D-01 9.9603D-01 9.9388D-01 9.9191D-01 9.9028D-01 9.8906D-01
 9.8829D-01 9.8802D-01 9.8819D-01 9.8875D-01 9.8961D-01 9.9069D-01 9.9192D-01 9.9322D-01 9.9454D-01 9.9584D-01
 9.9706D-01 9.9819D-01 9.9918D-01 1.0000D+00 1.0006D+00 1.0010D+00 1.0014D+00 1.0015D+00 1.0016D+00 1.0016D+00
 1.0015D+00 1.0013D+00 1.0010D+00 1.0007D+00 1.0005D+00 1.0003D+00 1.0002D+00 1.0001D+00 1.0001D+00 1.0001D+00
 1.0000D+00 1.0000D+00 1.0000D+00 1.0000D+00 1.0000D+00 1.0000D+00 1.0000D+00 1.0000D+00 1.0000D+00 1.0000D+00
 1.0000D+00 1.0000D+00 1.0000D+00 1.0000D+00 1.0000D+00 1.0000D+00 1.0000D+00 1.0000D+00 1.0000D+00 1.0000D+00
 1.0000D+00 1.0000D+00 1.0000D+00 1.0000D+00 1.0000D+00 1.0000D+00 1.0000D+00 1.0000D+00 1.0000D+00 1.0000D+00
 1.0000D+00 1.0000D+00 1.0000D+00 1.0000D+00 1.0000D+00 1.0000D+00 1.0000D+00 1.0000D+00 1.0000D+00 1.0000D+00
 1.0000D+00 1.0000D+00 1.0000D+00 1.0000D+00 1.0000D+00 1.0000D+00 1.0000D+00 1.0000D+00 1.0000D+00 1.0000D+00
 1.0000D+00 1.0000D+00 1.0000D+00 1.0000D+00 1.0000D+00 1.0000D+00 1.0000D+00 1.0000D+00
         100          22           1
 3.5918D-01 4.8912D-01 5.0202D-01 5.1450D-01 5.2805D-01 5.4254D-01 5.5802D-01 5.7457D-01 5.9218D-01 6.1104D-01
 6.3122D-01 6.5271D-01 6.7548D-01 6.9930D-01 7.2402D-01 7.4935D-01 7.7500D-01 8.0053D-01 8.2558D-01 8.4977D-01
 8.7271D-01 8.9407D-01 9.1361D-01 9.3114D-01 9.4653D-01 9.5978D-01 9.7084D-01 9.7983D-01 9.8683D-01 9.9194D-01
 9.9537D-01 9.9725D-01 9.9787D-01 9.9753D-01 9.9648D-01 9.9498D-01 9.9326D-01 9.9165D-01 9.9033D-01 9.8936D-01
 9.8877D-01 9.8862D-01 9.8885D-01 9.8942D-01 9.9026D-01 9.9128D-01 9.9243D-01 9.9364D-01 9.9486D-01 9.9605D-01
 9.9718D-01 9.9821D-01 9.9913D-01 9.9990D-01 1.0004D+00 1.0008D+00 1.0012D+00 1.0013D+00 1.0014D+00 1.0014D+00
 1.0013D+00 1.0011D+00 1.0009D+00 1.0006D+00 1.0004D+00 1.0003D+00 1.0002D+00 1.0001D+00 1.0001D+00 1.0000D+00
 1.0000D+00 1.0000D+00 1.0000D+00 1.0000D+00 1.0000D+00 1.0000D+00 1.0000D+00 1.0000D+00 1.0000D+00 1.0000D+00
 1.0000D+00 1.0000D+00 1.0000D+00 1.0000D+00 1.0000D+00 1.0000D+00 1.0000D+00 1.0000D+00 1.0000D+00 1.0000D+00
 1.0000D+00 1.0000D+00 1.0000D+00 1.0000D+00 1.0000D+00 1.0000D+00 1.0000D+00 1.0000D+00 1.0000D+00 1.0000D+00
 1.0000D+00 1.0000D+00 1.0000D+00 1.0000D+00 1.0000D+00 1.0000D+00 1.0000D+00 1.0000D+00 1.0000D+00 1.0000D+00
 1.0000D+00 1.0000D+00 1.0000D+00 1.0000D+00 1.0000D+00 1.0000D+00 1.0000D+00 1.0000D+00 1.0000D+00 1.0000D+00
 1.0000D+00 1.0000D+00 1.0000D+00 1.0000D+00 1.0000D+00 1.0000D+00 1.0000D+00 1.0000D+00
         100          23           1
 3.6911D-01 4.9608D-01 5.0878D-01 5.2110D-01 5.3448D-01 5.4878D-01 5.6405D-01 5.8037D-01 5.9771D-01 6.1627D-01
 6.3610D-01 6.5721D-01 6.7955D-01 7.0289D-01 7.2709D-01 7.5187D-01 7.7694D-01 8.0187D-01 8.2632D-01 8.4991D-01
 8.7228D-01 8.9311D-01 9.1217D-01 9.2929D-01 9.4434D-01 9.5733D-01 9.6824D-01 9.7715D-01 9.8417D-01 9.8939D-01
 9.9301D-01 9.9514D-01 9.9608D-01 9.9607D-01 9.9537D-01 9.9422D-01 9.9282D-01 9.9150D-01 9.9042D-01 9.8963D-01
 9.8919D-01 9.8912D-01 9.8940D-01 9.8997D-01 9.9078D-01 9.9176D-01 9.9285D-01 9.9399D-01 9.9513D-01 9.9625D-01
 9.9730D-01 9.9826D-01 9.9912D-01 9.9984D-01 1.0003D+00 1.0007D+00 1.0010D+00 1.0012D+00 1.0013D+00 1.0013D+00
 1.0012D+00 1.0010D+00 1.0008D+00 1.0006D+00 1.0004D+00 1.0002D+00 1.0002D+00 1.0001D+00 1.0001D+00 1.0000D+00
 1.0000D+00 1.0000D+00 1.0000D+00 1.0000D+00 1.0000D+00 1.0000D+00 1.0000D+00 1.0000D+00 1.0000D+00 1.0000D+00
 1.0000D+00 1.0000D+00 1.0000D+00 1.0000D+00 1.0000D+00 1.0000D+00 1.0000D+00 1.0000D+00 1.0000D+00 1.0000D+00
 1.0000D+00 1.0000D+00 1.0000D+00 1.0000D+00 1.0000D+00 1.0000D+00 1.0000D+00 1.0000D+00 1.0000D+00 1.0000D+00
 1.0000D+00 1.0000D+00 1.0000D+00 1.0000D+00 1.0000D+00 1.0000D+00 1.0000D+00 1.0000D+00 1.0000D+00 1.0000D+00
 1.0000D+00 1.0000D+00 1.0000D+00 1.0000D+00 1.0000D+00 1.0000D+00 1.0000D+00 1.0000D+00 1.0000D+00 1.0000D+00
 1.0000D+00 1.0000D+00 1.0000D+00 1.0000D+00 1.0000D+00 1.0000D+00 1.0000D+00 1.0000D+00
         100          24           1
 3.7814D-01 5.0241D-01 5.1493D-01 5.2711D-01 5.4032D-01 5.5445D-01 5.6953D-01 5.8563D-01 6.0274D-01 6.2103D-01
 6.4055D-01 6.6131D-01 6.8327D-01 7.0620D-01 7.2995D-01 7.5425D-01 7.7881D-01 8.0324D-01 8.2717D-01 8.5026D-01
 8.7214D-01 8.9253D-01 9.1120D-01 9.2797D-01 9.4275D-01 9.5553D-01 9.6630D-01 9.7516D-01 9.8219D-01 9.8749D-01
 9.9125D-01 9.9357D-01 9.9474D-01 9.9499D-01 9.9456D-01 9.9367D-01 9.9252D-01 9.9142D-01 9.9052D-01 9.8987D-01
 9.8953D-01 9.8953D-01 9.8983D-01 9.9041D-01 9.9120D-01 9.9215D-01 9.9318D-01 9.9427D-01 9.9535D-01 9.9640D-01
 9.9740D-01 9.9831D-01 9.9912D-01 9.9980D-01 1.0003D+00 1.0006D+00 1.0009D+00 1.0011D+00 1.0012D+00 1.0012D+00
 1.0011D+00 1.0009D+00 1.0007D+00 1.0005D+00 1.0004D+00 1.0002D+00 1.0001D+00 1.0001D+00 1.0000D+00 1.0000D+00
 1.0000D+00 1.0000D+00 1.0000D+00 1.0000D+00 1.0000D+00 1.0000D+00 1.0000D+00 1.0000D+00 1.0000D+00 1.0000D+00
 1.0000D+00 1.0000D+00 1.0000D+00 1.0000D+00 1.0000D+00 1.0000D+00 1.0000D+00 1.0000D+00 1.0000D+00 1.0000D+00
 1.0000D+00 1.0000D+00 1.0000D+00 1.0000D+00 1.0000D+00 1.0000D+00 1.0000D+00 1.0000D+00 1.0000D+00 1.0000D+00
 1.0000D+00 1.0000D+00 1.0000D+00 1.0000D+00 1.0000D+00 1.0000D+00 1.0000D+00 1.0000D+00 1.0000D+00 1.0000D+00
 1.0000D+00 1.0000D+00 1.0000D+00 1.0000D+00 1.0000D+00 1.0000D+00 1.0000D+00 1.0000D+00 1.0000D+00 1.0000D+00
 1.0000D+00 1.0000D+00 1.0000D+00 1.0000D+00 1.0000D+00 1.0000D+00 1.0000D+00 1.0000D+00
         100          25           1
 3.8630D-01 5.0810D-01 5.2045D-01 5.3250D-01 5.4557D-01 5.5954D-01 5.7444D-01 5.9035D-01 6.0724D-01 6.2528D-01
 6.4453D-01 6.6499D-01 6.8661D-01 7.0916D-01 7.3252D-01 7.5641D-01 7.8054D-01 8.0453D-01 8.2803D-01 8.5069D-01
 8.7218D-01 8.9221D-01 9.1055D-01 9.2705D-01 9.4160D-01 9.5422D-01 9.6488D-01 9.7369D-01 9.8072D-01 9.8608D-01
 9.8995D-01 9.9242D-01 9.9377D-01 9.9421D-01 9.9397D-01 9.9328D-01 9.9232D-01 9.9138D-01 9.9061D-01 9.9007D-01
 9.8980D-01 9.8985D-01 9.9018D-01 9.9075D-01 9.9153D-01 9.9244D-01 9.9344D-01 9.9448D-01 9.9552D-01 9.9653D-01
 9.9748D-01 9.9835D-01 9.9913D-01 9.9978D-01 1.0002D+00 1.0006D+00 1.0009D+00 1.0010D+00 1.0011D+00 1.0011D+00
 1.0010D+00 1.0009D+00 1.0007D+00 1.0005D+00 1.0003D+00 1.0002D+00 1.0001D+00 1.0001D+00 1.0000D+00 1.0000D+00
 1.0000D+00 1.0000D+00 1.0000D+00 1.0000D+00 1.0000D+00 1.0000D+00 1.0000D+00 1.0000D+00 1.0000D+00 1.0000D+00
 1.0000D+00 1.0000D+00 1.0000D+00 1.0000D+00 1.0000D+00 1.0000D+00 1.0000D+00 1.0000D+00 1.0000D+00 1.0000D+00
 1.0000D+00 1.0000D+00 1.0000D+00 1.0000D+00 1.0000D+00 1.0000D+00 1.0000D+00 1.0000D+00 1.0000D+00 1.0000D+00
 1.0000D+00 1.0000D+00 1.0000D+00 1.0000D+00 1.0000D+00 1.0000D+00 1.0000D+00 1.0000D+00 1.0000D+00 1.0000D+00
 1.0000D+00 1.0000D+00 1.0000D+00 1.0000D+00 1.0000D+00 1.0000D+00 1.0000D+00 1.0000D+00 1.0000D+00 1.0000D+00
 1.0000D+00 1.0000D+00 1.0000D+00 1.0000D+00 1.0000D+00 1.0000D+00 1.0000D+00 1.0000D+00
         100          26           1
 3.9348D-01 5.1310D-01 5.2531D-01 5.3723D-01 5.5017D-01 5.6399D-01 5.7873D-01 5.9447D-01 6.1116D-01 6.2899D-01
 6.4799D-01 6.6818D-01 6.8951D-01 7.1176D-01 7.3477D-01 7.5831D-01 7.8208D-01 8.0570D-01 8.2885D-01 8.5117D-01
 8.7233D-01 8.9207D-01 9.1015D-01 9.2643D-01 9.4081D-01 9.5330D-01 9.6388D-01 9.7265D-01 9.7968D-01 9.8509D-01
 9.8903D-01 9.9161D-01 9.9308D-01 9.9367D-01 9.9358D-01 9.9303D-01 9.9220D-01 9.9138D-01 9.9071D-01 9.9024D-01
 9.9003D-01 9.9010D-01 9.9045D-01 9.9102D-01 9.9178D-01 9.9267D-01 9.9364D-01 9.9465D-01 9.9566D-01 9.9663D-01
 9.9755D-01 9.9839D-01 9.9914D-01 9.9977D-01 1.0002D+00 1.0006D+00 1.0008D+00 1.0010D+00 1.0011D+00 1.0011D+00
 1.0010D+00 1.0009D+00 1.0007D+00 1.0005D+00 1.0003D+00 1.0002D+00 1.0001D+00 1.0001D+00 1.0000D+00 1.0000D+00
 1.0000D+00 1.0000D+00 1.0000D+00 1.0000D+00 1.0000D+00 1.0000D+00 1.0000D+00 1.0000D+00 1.0000D+00 1.0000D+00
 1.0000D+00 1.0000D+00 1.0000D+00 1.0000D+00 1.0000D+00 1.0000D+00 1.0000D+00 1.0000D+00 1.0000D+00 1.0000D+00
 1.0000D+00 1.0000D+00 1.0000D+00 1.0000D+00 1.0000D+00 1.0000D+00 1.0000D+00 1.0000D+00 1.0000D+00 1.0000D+00
 1.0000D+00 1.0000D+00 1.0000D+00 1.0000D+00 1.0000D+00 1.0000D+00 1.0000D+00 1.0000D+00 1.0000D+00 1.0000D+00
 1.0000D+00 1.0000D+00 1.0000D+00 1.0000D+00 1.0000D+00 1.0000D+00 1.0000D+00 1.0000D+00 1.0000D+00 1.0000D+00
 1.0000D+00 1.0000D+00 1.0000D+00 1.0000D+00 1.0000D+00 1.0000D+00 1.0000D+00 1.0000D+00
         100          27           1
 3.9965D-01 5.1740D-01 5.2947D-01 5.4128D-01 5.5409D-01 5.6779D-01 5.8238D-01 5.9795D-01 6.1448D-01 6.3211D-01
 6.5091D-01 6.7087D-01 6.9195D-01 7.1393D-01 7.3667D-01 7.5991D-01 7.8339D-01 8.0672D-01 8.2957D-01 8.5162D-01
 8.7253D-01 8.9203D-01 9.0991D-01 9.2602D-01 9.4027D-01 9.5266D-01 9.6318D-01 9.7192D-01 9.7896D-01 9.8440D-01
 9.8839D-01 9.9105D-01 9.9262D-01 9.9330D-01 9.9332D-01 9.9288D-01 9.9214D-01 9.9140D-01 9.9080D-01 9.9039D-01
 9.9021D-01 9.9031D-01 9.9066D-01 9.9123D-01 9.9198D-01 9.9285D-01 9.9380D-01 9.9478D-01 9.9576D-01 9.9671D-01
 9.9761D-01 9.9843D-01 9.9915D-01 9.9977D-01 1.0002D+00 1.0005D+00 1.0008D+00 1.0010D+00 1.0010D+00 1.0010D+00
 1.0010D+00 1.0008D+00 1.0007D+00 1.0005D+00 1.0003D+00 1.0002D+00 1.0001D+00 1.0001D+00 1.0000D+00 1.0000D+00
 1.0000D+00 1.0000D+00 1.0000D+00 1.0000D+00 1.0000D+00 1.0000D+00 1.0000D+00 1.0000D+00 1.0000D+00 1.0000D+00
 1.0000D+00 1.0000D+00 1.0000D+00 1.0000D+00 1.0000D+00 1.0000D+00 1.0000D+00 1.0000D+00 1.0000D+00 1.0000D+00
 1.0000D+00 1.0000D+00 1.0000D+00 1.0000D+00 1.0000D+00 1.0000D+00 1.0000D+00 1.0000D+00 1.0000D+00 1.0000D+00
 1.0000D+00 1.0000D+00 1.0000D+00 1.0000D+00 1.0000D+00 1.0000D+00 1.0000D+00 1.0000D+00 1.0000D+00 1.0000D+00
 1.0000D+00 1.0000D+00 1.0000D+00 1.0000D+00 1.0000D+00 1.0000D+00 1.0000D+00 1.0000D+00 1.0000D+00 1.0000D+00
 1.0000D+00 1.0000D+00 1.0000D+00 1.0000D+00 1.0000D+00 1.0000D+00 1.0000D+00 1.0000D+00
         100          28           1
 4.0480D-01 5.2101D-01 5.3295D-01 5.4465D-01 5.5735D-01 5.7092D-01 5.8538D-01 6.0082D-01 6.1719D-01 6.3466D-01
 6.5327D-01 6.7304D-01 6.9391D-01 7.1567D-01 7.3818D-01 7.6119D-01 7.8442D-01 8.0752D-01 8.3015D-01 8.5198D-01
 8.7270D-01 8.9203D-01 9.0976D-01 9.2575D-01 9.3990D-01 9.5222D-01 9.6270D-01 9.7142D-01 9.7846D-01 9.8392D-01
 9.8796D-01 9.9067D-01 9.9231D-01 9.9306D-01 9.9315D-01 9.9278D-01 9.9212D-01 9.9144D-01 9.9089D-01 9.9051D-01
 9.9036D-01 9.9047D-01 9.9082D-01 9.9139D-01 9.9213D-01 9.9298D-01 9.9391D-01 9.9488D-01 9.9584D-01 9.9677D-01
 9.9765D-01 9.9845D-01 9.9917D-01 9.9977D-01 1.0002D+00 1.0005D+00 1.0008D+00 1.0009D+00 1.0010D+00 1.0010D+00
 1.0009D+00 1.0008D+00 1.0006D+00 1.0005D+00 1.0003D+00 1.0002D+00 1.0001D+00 1.0001D+00 1.0000D+00 1.0000D+00
 1.0000D+00 1.0000D+00 1.0000D+00 1.0000D+00 1.0000D+00 1.0000D+00 1.0000D+00 1.0000D+00 1.0000D+00 1.0000D+00
 1.0000D+00 1.0000D+00 1.0000D+00 1.0000D+00 1.0000D+00 1.0000D+00 1.0000D+00 1.0000D+00 1.0000D+00 1.0000D+00
 1.0000D+00 1.0000D+00 1.0000D+00 1.0000D+00 1.0000D+00 1.0000D+00 1.0000D+00 1.0000D+00 1.0000D+00 1.0000D+00
 1.0000D+00 1.0000D+00 1.0000D+00 1.0000D+00 1.0000D+00 1.0000D+00 1.0000D+00 1.0000D+00 1.0000D+00 1.0000D+00
 1.0000D+00 1.0000D+00 1.0000D+00 1.0000D+00 1.0000D+00 1.0000D+00 1.0000D+00 1.0000D+00 1.0000D+00 1.0000D+00
 1.0000D+00 1.0000D+00 1.0000D+00 1.0000D+00 1.0000D+00 1.0000D+00 1.0000D+00 1.0000D+00
         100          29           1
 4.0886D-01 5.2385D-01 5.3568D-01 5.4728D-01 5.5988D-01 5.7335D-01 5.8769D-01 6.0301D-01 6.1925D-01 6.3658D-01
 6.5505D-01 6.7466D-01 6.9536D-01 7.1694D-01 7.3927D-01 7.6210D-01 7.8516D-01 8.0808D-01 8.3055D-01 8.5223D-01
 8.7280D-01 8.9201D-01 9.0964D-01 9.2555D-01 9.3964D-01 9.5191D-01 9.6236D-01 9.7108D-01 9.7812D-01 9.8360D-01
 9.8767D-01 9.9043D-01 9.9211D-01 9.9292D-01 9.9306D-01 9.9274D-01 9.9212D-01 9.9148D-01 9.9096D-01 9.9060D-01
 9.9047D-01 9.9059D-01 9.9094D-01 9.9151D-01 9.9223D-01 9.9308D-01 9.9400D-01 9.9495D-01 9.9589D-01 9.9681D-01
 9.9768D-01 9.9847D-01 9.9917D-01 9.9977D-01 1.0002D+00 1.0005D+00 1.0008D+00 1.0009D+00 1.0010D+00 1.0010D+00
 1.0009D+00 1.0008D+00 1.0006D+00 1.0005D+00 1.0003D+00 1.0002D+00 1.0001D+00 1.0001D+00 1.0000D+00 1.0000D+00
 1.0000D+00 1.0000D+00 1.0000D+00 1.0000D+00 1.0000D+00 1.0000D+00 1.0000D+00 1.0000D+00 1.0000D+00 1.0000D+00
 1.0000D+00 1.0000D+00 1.0000D+00 1.0000D+00 1.0000D+00 1.0000D+00 1.0000D+00 1.0000D+00 1.0000D+00 1.0000D+00
 1.0000D+00 1.0000D+00 1.0000D+00 1.0000D+00 1.0000D+00 1.0000D+00 1.0000D+00 1.0000D+00 1.0000D+00 1.0000D+00
 1.0000D+00 1.0000D+00 1.0000D+00 1.0000D+00 1.0000D+00 1.0000D+00 1.0000D+00 1.0000D+00 1.0000D+00 1.0000D+00
 1.0000D+00 1.0000D+00 1.0000D+00 1.0000D+00 1.0000D+00 1.0000D+00 1.0000D+00 1.0000D+00 1.0000D+00 1.0000D+00
 1.0000D+00 1.0000D+00 1.0000D+00 1.0000D+00 1.0000D+00 1.0000D+00 1.0000D+00 1.0000D+00
         100          30           1
 4.1155D-01 5.2569D-01 5.3743D-01 5.4896D-01 5.6149D-01 5.7488D-01 5.8915D-01 6.0438D-01 6.2053D-01 6.3777D-01
 6.5614D-01 6.7564D-01 6.9624D-01 7.1771D-01 7.3992D-01 7.6264D-01 7.8558D-01 8.0840D-01 8.3076D-01 8.5235D-01
 8.7284D-01 8.9198D-01 9.0955D-01 9.2541D-01 9.3947D-01 9.5172D-01 9.6217D-01 9.7088D-01 9.7793D-01 9.8343D-01
 9.8752D-01 9.9030D-01 9.9201D-01 9.9285D-01 9.9303D-01 9.9274D-01 9.9215D-01 9.9153D-01 9.9103D-01 9.9069D-01
 9.9056D-01 9.9068D-01 9.9104D-01 9.9159D-01 9.9231D-01 9.9315D-01 9.9406D-01 9.9500D-01 9.9594D-01 9.9684D-01
 9.9770D-01 9.9849D-01 9.9918D-01 9.9978D-01 1.0002D+00 1.0005D+00 1.0008D+00 1.0009D+00 1.0010D+00 1.0010D+00
 1.0009D+00 1.0008D+00 1.0006D+00 1.0005D+00 1.0003D+00 1.0002D+00 1.0001D+00 1.0001D+00 1.0000D+00 1.0000D+00
 1.0000D+00 1.0000D+00 1.0000D+00 1.0000D+00 1.0000D+00 1.0000D+00 1.0000D+00 1.0000D+00 1.0000D+00 1.0000D+00
 1.0000D+00 1.0000D+00 1.0000D+00 1.0000D+00 1.0000D+00 1.0000D+00 1.0000D+00 1.0000D+00 1.0000D+00 1.0000D+00
 1.0000D+00 1.0000D+00 1.0000D+00 1.0000D+00 1.0000D+00 1.0000D+00 1.0000D+00 1.0000D+00 1.0000D+00 1.0000D+00
 1.0000D+00 1.0000D+00 1.0000D+00 1.0000D+00 1.0000D+00 1.0000D+00 1.0000D+00 1.0000D+00 1.0000D+00 1.0000D+00
 1.0000D+00 1.0000D+00 1.0000D+00 1.0000D+00 1.0000D+00 1.0000D+00 1.0000D+00 1.0000D+00 1.0000D+00 1.0000D+00
 1.0000D+00 1.0000D+00 1.0000D+00 1.0000D+00 1.0000D+00 1.0000D+00 1.0000D+00 1.0000D+00
         200           1           1
 7.8097D-24 5.0775D-20 1.0951D-19 2.1252D-19 3.7003D-19 6.2192D-19 1.0355D-18 1.7105D-18 2.8551D-18 4.8238D-18
 8.2972D-18 1.4499D-17 2.5560D-17 4.5975D-17 8.3535D-17 1.5333D-16 2.8134D-16 5.2170D-16 9.6766D-16 1.7798D-15
 3.2802D-15 5.9983D-15 1.0887D-14 1.9562D-14 3.4610D-14 6.0945D-14 1.0579D-13 1.8281D-13 3.1298D-13 5.2922D-13
 8.9099D-13 1.4682D-12 2.4051D-12 3.9341D-12 6.4103D-12 1.0392D-11 1.6670D-11 2.7115D-11 4.4381D-11 7.2695D-11
 1.1866D-10 1.9440D-10 3.1942D-10 5.2714D-10 8.7496D-10 1.4617D-09 2.4645D-09 4.2041D-09 7.2711D-09 1.2777D-08
 2.2900D-08 4.1997D-08 7.9385D-08 1.5587D-07 2.7693D-07 5.1210D-07 9.8835D-07 2.0067D-06 4.3285D-06 1.0020D-05
 2.5142D-05 6.8898D-05 2.0648D-04 6.7308D-04 2.4676D-03 1.2629D-02 5.7186D-02 1.9175D-01 4.4406D-01 5.6478D-01
 6.8116D-01 7.8072D-01 8.5775D-01 9.1274D-01 9.4987D-01 9.7404D-01 9.8911D-01 9.9789D-01 1.0024D+00 1.0043D+00
 1.0045D+00 1.0038D+00 1.0026D+00 1.0018D+00 1.0013D+00 1.0009D+00 1.0007D+00 1.0005D+00 1.0004D+00 1.0004D+00
 1.0003D+00 1.0002D+00 1.0002D+00 1.0002D+00 1.0002D+00 1.0002D+00 1.0002D+00 1.0003D+00 1.0000D+00 1.0002D+00
 1.0001D+00 1.0001D+00 1.0000D+00 1.0000D+00 1.0001D+00 1.0001D+00 1.0001D+00 1.0001D+00 1.0001D+00 1.0001D+00
 1.0001D+00 1.0001D+00 1.0000D+00 1.0001D+00 9.9999D-01 1.0000D+00 1.0000D+00 1.0000D+00 1.0000D+00 1.0000D+00
 1.0000D+00 1.0000D+00 1.0000D+00 1.0000D+00 1.0000D+00 1.0000D+00 1.0000D+00 1.0000D+00
         200           2           1
 6.6576D-01 3.6469D+00 3.9048D+00 4.1273D+00 4.2922D+00 4.4436D+00 4.5976D+00 4.7520D+00 4.9217D+00 5.1075D+00
 5.3144D+00 5.5397D+00 5.7749D+00 6.0324D+00 6.3005D+00 6.5793D+00 6.8548D+00 7.1415D+00 7.4255D+00 7.6933D+00
 7.9595D+00 8.2081D+00 8.4381D+00 8.6436D+00 8.8137D+00 8.9643D+00 9.0774D+00 9.1679D+00 9.2267D+00 9.2472D+00
 9.2428D+00 9.1840D+00 9.0962D+00 8.9864D+00 8.8510D+00 8.6891D+00 8.4936D+00 8.3012D+00 8.1013D+00 7.8888D+00
 7.6608D+00 7.4290D+00 7.1940D+00 6.9586D+00 6.7249D+00 6.4931D+00 6.2650D+00 6.0413D+00 5.8214D+00 5.6039D+00
 5.3877D+00 5.1689D+00 4.9456D+00 4.7173D+00 4.5261D+00 4.3295D+00 4.1269D+00 3.9176D+00 3.6998D+00 3.4688D+00
 3.2185D+00 2.9421D+00 2.6379D+00 2.3104D+00 1.9867D+00 1.7677D+00 1.5656D+00 1.3995D+00 1.2723D+00 1.2393D+00
 1.2093D+00 1.1827D+00 1.1590D+00 1.1372D+00 1.1166D+00 1.0970D+00 1.0778D+00 1.0603D+00 1.0461D+00 1.0358D+00
 1.0286D+00 1.0229D+00 1.0176D+00 1.0139D+00 1.0110D+00 1.0093D+00 1.0081D+00 1.0072D+00 1.0066D+00 1.0060D+00
 1.0056D+00 1.0052D+00 1.0048D+00 1.0046D+00 1.0045D+00 1.0046D+00 1.0052D+00 1.0066D+00 1.0052D+00 1.0089D+00
 1.0074D+00 1.0055D+00 1.0040D+00 1.0031D+00 1.0027D+00 1.0017D+00 1.0011D+00 1.0006D+00 1.0004D+00 1.0002D+00
 1.0001D+00 1.0000D+00 1.0000D+00 1.0000D+00 1.0000D+00 1.0000D+00 1.0000D+00 1.0000D+00 1.0000D+00 1.0000D+00
 1.0000D+00 1.0000D+00 1.0000D+00 1.0000D+00 1.0000D+00 1.0000D+00 1.0000D+00 1.0000D+00
         200           3           1
 1.6118D-04 1.4800D-03 1.5978D-03 1.6931D-03 1.7637D-03 1.8308D-03 1.9035D-03 1.9835D-03 2.0785D-03 2.1909D-03
 2.3252D-03 2.4835D-03 2.6656D-03 2.8803D-03 3.1267D-03 3.4094D-03 3.7265D-03 4.0900D-03 4.4991D-03 4.9526D-03
 5.4650D-03 6.0332D-03 6.6611D-03 7.3465D-03 8.0794D-03 8.8690D-03 9.6948D-03 1.0566D-02 1.1472D-02 1.2402D-02
 1.3375D-02 1.4348D-02 1.5355D-02 1.6407D-02 1.7491D-02 1.8593D-02 1.9675D-02 2.0814D-02 2.1980D-02 2.3132D-02
 2.4240D-02 2.5325D-02 2.6383D-02 2.7418D-02 2.8435D-02 2.9438D-02 3.0442D-02 3.1457D-02 3.2488D-02 3.3539D-02
 3.4629D-02 3.5775D-02 3.7036D-02 3.8511D-02 3.9878D-02 4.1517D-02 4.3518D-02 4.6025D-02 4.9264D-02 5.3595D-02
 5.9646D-02 6.8587D-02 8.2814D-02 1.0770D-01 1.5954D-01 3.1904D-01 6.2335D-01 9.4192D-01 1.0846D+00 1.1036D+00
 1.1101D+00 1.1092D+00 1.1044D+00 1.0977D+00 1.0899D+00 1.0816D+00 1.0728D+00 1.0638D+00 1.0549D+00 1.0463D+00
 1.0379D+00 1.0299D+00 1.0225D+00 1.0169D+00 1.0133D+00 1.0109D+00 1.0092D+00 1.0079D+00 1.0069D+00 1.0062D+00
 1.0055D+00 1.0050D+00 1.0046D+00 1.0043D+00 1.0041D+00 1.0041D+00 1.0046D+00 1.0057D+00 1.0047D+00 1.0078D+00
 1.0064D+00 1.0047D+00 1.0034D+00 1.0026D+00 1.0022D+00 1.0014D+00 1.0008D+00 1.0005D+00 1.0003D+00 1.0001D+00
 1.0001D+00 1.0000D+00 1.0000D+00 1.0000D+00 1.0000D+00 1.0000D+00 1.0000D+00 1.0000D+00 1.0000D+00 1.0000D+00
 1.0000D+00 1.0000D+00 1.0000D+00 1.0000D+00 1.0000D+00 1.0000D+00 1.0000D+00 1.0000D+00
         200           4           1
 8.8779D-02 3.2890D-01 3.4649D-01 3.6228D-01 3.7443D-01 3.8581D-01 3.9737D-01 4.0900D-01 4.2181D-01 4.3613D-01
 4.5265D-01 4.7164D-01 4.9297D-01 5.1778D-01 5.4550D-01 5.7612D-01 6.0850D-01 6.4326D-01 6.7897D-01 7.1421D-01
 7.4949D-01 7.8329D-01 8.1519D-01 8.4456D-01 8.7043D-01 8.9395D-01 9.1381D-01 9.3123D-01 9.4567D-01 9.5678D-01
 9.6575D-01 9.7043D-01 9.7291D-01 9.7382D-01 9.7297D-01 9.7033D-01 9.6527D-01 9.6088D-01 9.5636D-01 9.5130D-01
 9.4546D-01 9.3996D-01 9.3498D-01 9.3088D-01 9.2795D-01 9.2627D-01 9.2606D-01 9.2743D-01 9.3042D-01 9.3494D-01
 9.4097D-01 9.4820D-01 9.5663D-01 9.6603D-01 9.7502D-01 9.8593D-01 9.9867D-01 1.0135D+00 1.0305D+00 1.0489D+00
 1.0673D+00 1.0827D+00 1.0917D+00 1.0890D+00 1.0740D+00 1.0821D+00 1.0795D+00 1.0713D+00 1.0627D+00 1.0654D+00
 1.0665D+00 1.0669D+00 1.0667D+00 1.0655D+00 1.0632D+00 1.0598D+00 1.0552D+00 1.0493D+00 1.0426D+00 1.0355D+00
 1.0286D+00 1.0225D+00 1.0169D+00 1.0131D+00 1.0103D+00 1.0087D+00 1.0075D+00 1.0067D+00 1.0060D+00 1.0055D+00
 1.0051D+00 1.0047D+00 1.0044D+00 1.0042D+00 1.0041D+00 1.0041D+00 1.0047D+00 1.0058D+00 1.0048D+00 1.0080D+00
 1.0066D+00 1.0048D+00 1.0035D+00 1.0027D+00 1.0022D+00 1.0014D+00 1.0009D+00 1.0005D+00 1.0003D+00 1.0002D+00
 1.0001D+00 1.0000D+00 1.0000D+00 1.0000D+00 1.0000D+00 1.0000D+00 1.0000D+00 1.0000D+00 1.0000D+00 1.0000D+00
 1.0000D+00 1.0000D+00 1.0000D+00 1.0000D+00 1.0000D+00 1.0000D+00 1.0000D+00 1.0000D+00
         200           5           1
 2.3808D-07 3.5102D-05 3.9896D-05 4.4557D-05 4.8965D-05 5.3529D-05 5.8438D-05 6.3726D-05 6.9603D-05 7.6164D-05
 8.3576D-05 9.1941D-05 1.0130D-04 1.1198D-04 1.2402D-04 1.3762D-04 1.5276D-04 1.6989D-04 1.8902D-04 2.1011D-04
 2.3367D-04 2.5961D-04 2.8813D-04 3.1932D-04 3.5308D-04 3.9011D-04 4.3008D-04 4.7380D-04 5.2120D-04 5.7222D-04
 6.2773D-04 6.8626D-04 7.4938D-04 8.1786D-04 8.9166D-04 9.7068D-04 1.0536D-03 1.1455D-03 1.2459D-03 1.3536D-03
 1.4679D-03 1.5904D-03 1.7215D-03 1.8620D-03 2.0129D-03 2.1753D-03 2.3513D-03 2.5439D-03 2.7567D-03 2.9948D-03
 3.2661D-03 3.5811D-03 3.9574D-03 4.4211D-03 4.8822D-03 5.4614D-03 6.2046D-03 7.1905D-03 8.5535D-03 1.0533D-02
 1.3584D-02 1.8637D-02 2.7724D-02 4.5647D-02 8.6572D-02 2.1844D-01 5.0007D-01 8.3205D-01 1.0141D+00 1.0483D+00
 1.0675D+00 1.0767D+00 1.0798D+00 1.0791D+00 1.0759D+00 1.0710D+00 1.0647D+00 1.0576D+00 1.0500D+00 1.0424D+00
 1.0349D+00 1.0277D+00 1.0209D+00 1.0158D+00 1.0124D+00 1.0103D+00 1.0087D+00 1.0075D+00 1.0066D+00 1.0059D+00
 1.0053D+00 1.0048D+00 1.0044D+00 1.0041D+00 1.0039D+00 1.0039D+00 1.0044D+00 1.0055D+00 1.0047D+00 1.0075D+00
 1.0061D+00 1.0044D+00 1.0031D+00 1.0024D+00 1.0019D+00 1.0012D+00 1.0007D+00 1.0004D+00 1.0002D+00 1.0001D+00
 1.0001D+00 1.0000D+00 1.0000D+00 1.0000D+00 1.0000D+00 1.0000D+00 1.0000D+00 1.0000D+00 1.0000D+00 1.0000D+00
 1.0000D+00 1.0000D+00 1.0000D+00 1.0000D+00 1.0000D+00 1.0000D+00 1.0000D+00 1.0000D+00
         200           6           1
 1.2335D-01 2.4545D-01 2.4827D-01 2.5132D-01 2.5398D-01 2.5723D-01 2.6147D-01 2.6670D-01 2.7338D-01 2.8157D-01
 2.9146D-01 3.0306D-01 3.1619D-01 3.3112D-01 3.4751D-01 3.6518D-01 3.8352D-01 4.0251D-01 4.2139D-01 4.3944D-01
 4.5657D-01 4.7210D-01 4.8581D-01 4.9742D-01 5.0669D-01 5.1404D-01 5.1922D-01 5.2277D-01 5.2474D-01 5.2527D-01
 5.2496D-01 5.2345D-01 5.2152D-01 5.1950D-01 5.1750D-01 5.1560D-01 5.1368D-01 5.1245D-01 5.1162D-01 5.1097D-01
 5.1022D-01 5.0941D-01 5.0834D-01 5.0695D-01 5.0529D-01 5.0342D-01 5.0153D-01 4.9981D-01 4.9848D-01 4.9783D-01
 4.9836D-01 5.0062D-01 5.0528D-01 5.1248D-01 5.2116D-01 5.3220D-01 5.4547D-01 5.6114D-01 5.7965D-01 6.0182D-01
 6.2869D-01 6.6128D-01 6.9915D-01 7.3943D-01 7.7720D-01 8.1953D-01 8.5719D-01 8.8988D-01 9.2038D-01 9.3515D-01
 9.4796D-01 9.5978D-01 9.7058D-01 9.8021D-01 9.8849D-01 9.9537D-01 1.0006D+00 1.0043D+00 1.0067D+00 1.0082D+00
 1.0090D+00 1.0091D+00 1.0082D+00 1.0073D+00 1.0063D+00 1.0055D+00 1.0049D+00 1.0044D+00 1.0040D+00 1.0036D+00
 1.0033D+00 1.0030D+00 1.0027D+00 1.0026D+00 1.0024D+00 1.0024D+00 1.0027D+00 1.0034D+00 1.0028D+00 1.0045D+00
 1.0037D+00 1.0027D+00 1.0019D+00 1.0015D+00 1.0012D+00 1.0008D+00 1.0005D+00 1.0003D+00 1.0002D+00 1.0001D+00
 1.0000D+00 1.0000D+00 1.0000D+00 1.0000D+00 1.0000D+00 1.0000D+00 1.0000D+00 1.0000D+00 1.0000D+00 1.0000D+00
 1.0000D+00 1.0000D+00 1.0000D+00 1.0000D+00 1.0000D+00 1.0000D+00 1.0000D+00 1.0000D+00
         200           7           1
 6.5529D-04 1.4706D-03 1.5660D-03 1.6536D-03 1.7311D-03 1.8071D-03 1.8850D-03 1.9651D-03 2.0504D-03 2.1415D-03
 2.2401D-03 2.3464D-03 2.4597D-03 2.5829D-03 2.7147D-03 2.8559D-03 3.0046D-03 3.1641D-03 3.3325D-03 3.5078D-03
 3.6933D-03 3.8866D-03 4.0878D-03 4.2963D-03 4.5101D-03 4.7330D-03 4.9613D-03 5.1990D-03 5.4442D-03 5.6955D-03
 5.9567D-03 6.2194D-03 6.4914D-03 6.7755D-03 7.0711D-03 7.3781D-03 7.6933D-03 8.0342D-03 8.3979D-03 8.7817D-03
 9.1830D-03 9.6078D-03 1.0056D-02 1.0530D-02 1.1031D-02 1.1561D-02 1.2124D-02 1.2726D-02 1.3374D-02 1.4076D-02
 1.4845D-02 1.5699D-02 1.6662D-02 1.7770D-02 1.8796D-02 1.9992D-02 2.1406D-02 2.3116D-02 2.5254D-02 2.8033D-02
 3.1837D-02 3.7413D-02 4.6327D-02 6.2253D-02 9.6007D-02 1.9695D-01 4.1677D-01 6.9489D-01 8.7445D-01 9.1572D-01
 9.4448D-01 9.6467D-01 9.7933D-01 9.9029D-01 9.9854D-01 1.0046D+00 1.0087D+00 1.0112D+00 1.0123D+00 1.0126D+00
 1.0119D+00 1.0107D+00 1.0088D+00 1.0073D+00 1.0060D+00 1.0052D+00 1.0046D+00 1.0041D+00 1.0037D+00 1.0034D+00
 1.0031D+00 1.0028D+00 1.0026D+00 1.0024D+00 1.0023D+00 1.0023D+00 1.0026D+00 1.0032D+00 1.0027D+00 1.0043D+00
 1.0035D+00 1.0025D+00 1.0017D+00 1.0014D+00 1.0011D+00 1.0007D+00 1.0004D+00 1.0003D+00 1.0001D+00 1.0001D+00
 1.0000D+00 1.0000D+00 1.0000D+00 1.0000D+00 1.0000D+00 1.0000D+00 1.0000D+00 1.0000D+00 1.0000D+00 1.0000D+00
 1.0000D+00 1.0000D+00 1.0000D+00 1.0000D+00 1.0000D+00 1.0000D+00 1.0000D+00 1.0000D+00
         200           8           1
 2.3774D+00 4.2391D+00 4.2122D+00 4.1776D+00 4.1237D+00 4.0621D+00 3.9965D+00 3.9258D+00 3.8544D+00 3.7825D+00
 3.7115D+00 3.6409D+00 3.5694D+00 3.5008D+00 3.4337D+00 3.3698D+00 3.3078D+00 3.2517D+00 3.2003D+00 3.1526D+00
 3.1113D+00 3.0746D+00 3.0426D+00 3.0150D+00 2.9903D+00 2.9703D+00 2.9532D+00 2.9406D+00 2.9321D+00 2.9276D+00
 2.9293D+00 2.9352D+00 2.9482D+00 2.9694D+00 2.9984D+00 3.0343D+00 3.0746D+00 3.1207D+00 3.1678D+00 3.2118D+00
 3.2479D+00 3.2724D+00 3.2810D+00 3.2712D+00 3.2419D+00 3.1937D+00 3.1287D+00 3.0491D+00 2.9579D+00 2.8586D+00
 2.7572D+00 2.6605D+00 2.5748D+00 2.5022D+00 2.4533D+00 2.4059D+00 2.3541D+00 2.2924D+00 2.2177D+00 2.1313D+00
 2.0370D+00 1.9405D+00 1.8380D+00 1.7220D+00 1.5881D+00 1.4591D+00 1.3361D+00 1.2307D+00 1.1474D+00 1.1237D+00
 1.1020D+00 1.0834D+00 1.0676D+00 1.0544D+00 1.0432D+00 1.0340D+00 1.0263D+00 1.0203D+00 1.0160D+00 1.0133D+00
 1.0116D+00 1.0099D+00 1.0080D+00 1.0064D+00 1.0053D+00 1.0044D+00 1.0038D+00 1.0033D+00 1.0029D+00 1.0026D+00
 1.0023D+00 1.0021D+00 1.0019D+00 1.0018D+00 1.0017D+00 1.0016D+00 1.0018D+00 1.0023D+00 1.0019D+00 1.0031D+00
 1.0025D+00 1.0018D+00 1.0013D+00 1.0010D+00 1.0008D+00 1.0005D+00 1.0003D+00 1.0002D+00 1.0001D+00 1.0001D+00
 1.0000D+00 1.0000D+00 1.0000D+00 1.0000D+00 1.0000D+00 1.0000D+00 1.0000D+00 1.0000D+00 1.0000D+00 1.0000D+00
 1.0000D+00 1.0000D+00 1.0000D+00 1.0000D+00 1.0000D+00 1.0000D+00 1.0000D+00 1.0000D+00
         200           9           1
 7.2754D-02 1.2964D-01 1.3168D-01 1.3392D-01 1.3585D-01 1.3776D-01 1.3969D-01 1.4158D-01 1.4361D-01 1.4582D-01
 1.4836D-01 1.5128D-01 1.5458D-01 1.5844D-01 1.6274D-01 1.6744D-01 1.7232D-01 1.7738D-01 1.8241D-01 1.8717D-01
 1.9172D-01 1.9587D-01 1.9961D-01 2.0289D-01 2.0566D-01 2.0806D-01 2.1001D-01 2.1164D-01 2.1294D-01 2.1389D-01
 2.1465D-01 2.1505D-01 2.1527D-01 2.1541D-01 2.1547D-01 2.1548D-01 2.1542D-01 2.1556D-01 2.1587D-01 2.1639D-01
 2.1715D-01 2.1829D-01 2.1991D-01 2.2209D-01 2.2493D-01 2.2851D-01 2.3289D-01 2.3818D-01 2.4447D-01 2.5184D-01
 2.6042D-01 2.7031D-01 2.8166D-01 2.9457D-01 3.0639D-01 3.2063D-01 3.3715D-01 3.5669D-01 3.8001D-01 4.0793D-01
 4.4129D-01 4.8073D-01 5.2660D-01 5.7766D-01 6.3020D-01 6.8651D-01 7.4187D-01 7.9316D-01 8.4164D-01 8.6303D-01
 8.8231D-01 9.0053D-01 9.1773D-01 9.3394D-01 9.4920D-01 9.6356D-01 9.7714D-01 9.8936D-01 9.9910D-01 1.0058D+00
 1.0094D+00 1.0103D+00 1.0093D+00 1.0079D+00 1.0066D+00 1.0056D+00 1.0048D+00 1.0041D+00 1.0036D+00 1.0032D+00
 1.0028D+00 1.0025D+00 1.0022D+00 1.0020D+00 1.0018D+00 1.0018D+00 1.0019D+00 1.0024D+00 1.0020D+00 1.0031D+00
 1.0024D+00 1.0016D+00 1.0011D+00 1.0009D+00 1.0007D+00 1.0004D+00 1.0003D+00 1.0002D+00 1.0001D+00 1.0000D+00
 1.0000D+00 1.0000D+00 1.0000D+00 1.0000D+00 1.0000D+00 1.0000D+00 1.0000D+00 1.0000D+00 1.0000D+00 1.0000D+00
 1.0000D+00 1.0000D+00 1.0000D+00 1.0000D+00 1.0000D+00 1.0000D+00 1.0000D+00 1.0000D+00
         200          10           1
 4.3911D-04 8.3372D-04 8.8086D-04 9.2383D-04 9.6157D-04 9.9840D-04 1.0360D-03 1.0745D-03 1.1152D-03 1.1586D-03
 1.2052D-03 1.2552D-03 1.3081D-03 1.3653D-03 1.4260D-03 1.4906D-03 1.5582D-03 1.6301D-03 1.7055D-03 1.7833D-03
 1.8650D-03 1.9493D-03 2.0364D-03 2.1258D-03 2.2166D-03 2.3104D-03 2.4056D-03 2.5037D-03 2.6039D-03 2.7058D-03
 2.8109D-03 2.9159D-03 3.0242D-03 3.1373D-03 3.2553D-03 3.3786D-03 3.5066D-03 3.6466D-03 3.7983D-03 3.9618D-03
 4.1376D-03 4.3302D-03 4.5422D-03 4.7778D-03 5.0421D-03 5.3405D-03 5.6805D-03 6.0695D-03 6.5151D-03 7.0246D-03
 7.6071D-03 8.2722D-03 9.0365D-03 9.9225D-03 1.0749D-02 1.1719D-02 1.2881D-02 1.4317D-02 1.6169D-02 1.8686D-02
 2.2338D-02 2.8080D-02 3.7998D-02 5.7029D-02 9.9428D-02 2.2875D-01 4.9920D-01 8.1004D-01 9.7281D-01 1.0004D+00
 1.0139D+00 1.0193D+00 1.0204D+00 1.0196D+00 1.0181D+00 1.0165D+00 1.0150D+00 1.0136D+00 1.0127D+00 1.0120D+00
 1.0114D+00 1.0105D+00 1.0090D+00 1.0076D+00 1.0064D+00 1.0054D+00 1.0047D+00 1.0041D+00 1.0036D+00 1.0032D+00
 1.0029D+00 1.0026D+00 1.0023D+00 1.0021D+00 1.0020D+00 1.0019D+00 1.0021D+00 1.0026D+00 1.0022D+00 1.0034D+00
 1.0027D+00 1.0019D+00 1.0013D+00 1.0010D+00 1.0008D+00 1.0005D+00 1.0003D+00 1.0002D+00 1.0001D+00 1.0001D+00
 1.0000D+00 1.0000D+00 1.0000D+00 1.0000D+00 1.0000D+00 1.0000D+00 1.0000D+00 1.0000D+00 1.0000D+00 1.0000D+00
 1.0000D+00 1.0000D+00 1.0000D+00 1.0000D+00 1.0000D+00 1.0000D+00 1.0000D+00 1.0000D+00
         200          11           1
 1.2984D-04 1.9662D-03 2.0872D-03 2.1969D-03 2.2953D-03 2.3934D-03 2.4957D-03 2.6027D-03 2.7182D-03 2.8432D-03
 2.9796D-03 3.1282D-03 3.2881D-03 3.4632D-03 3.6520D-03 3.8556D-03 4.0719D-03 4.3047D-03 4.5518D-03 4.8106D-03
 5.0849D-03 5.3712D-03 5.6689D-03 5.9758D-03 6.2880D-03 6.6081D-03 6.9298D-03 7.2564D-03 7.5845D-03 7.9122D-03
 8.2446D-03 8.5732D-03 8.9110D-03 9.2676D-03 9.6509D-03 1.0072D-02 1.0539D-02 1.1095D-02 1.1752D-02 1.2511D-02
 1.3368D-02 1.4323D-02 1.5355D-02 1.6443D-02 1.7558D-02 1.8677D-02 1.9784D-02 2.0878D-02 2.1969D-02 2.3082D-02
 2.4258D-02 2.5540D-02 2.6987D-02 2.8675D-02 3.0232D-02 3.2110D-02 3.4378D-02 3.7194D-02 4.0816D-02 4.5663D-02
 5.2462D-02 6.2514D-02 7.8315D-02 1.0512D-01 1.5764D-01 3.0207D-01 5.7630D-01 8.6831D-01 1.0050D+00 1.0234D+00
 1.0297D+00 1.0295D+00 1.0264D+00 1.0225D+00 1.0187D+00 1.0154D+00 1.0126D+00 1.0105D+00 1.0090D+00 1.0082D+00
 1.0077D+00 1.0073D+00 1.0064D+00 1.0056D+00 1.0048D+00 1.0043D+00 1.0038D+00 1.0035D+00 1.0032D+00 1.0029D+00
 1.0026D+00 1.0024D+00 1.0022D+00 1.0021D+00 1.0020D+00 1.0019D+00 1.0021D+00 1.0026D+00 1.0022D+00 1.0035D+00
 1.0027D+00 1.0019D+00 1.0013D+00 1.0010D+00 1.0008D+00 1.0005D+00 1.0003D+00 1.0002D+00 1.0001D+00 1.0001D+00
 1.0000D+00 1.0000D+00 1.0000D+00 1.0000D+00 1.0000D+00 1.0000D+00 1.0000D+00 1.0000D+00 1.0000D+00 1.0000D+00
 1.0000D+00 1.0000D+00 1.0000D+00 1.0000D+00 1.0000D+00 1.0000D+00 1.0000D+00 1.0000D+00
         200          12           1
 2.9659D-01 4.3261D-01 4.2757D-01 4.2424D-01 4.2151D-01 4.1988D-01 4.1949D-01 4.2017D-01 4.2216D-01 4.2534D-01
 4.2969D-01 4.3500D-01 4.4098D-01 4.4767D-01 4.5470D-01 4.6186D-01 4.6872D-01 4.7531D-01 4.8122D-01 4.8616D-01
 4.9027D-01 4.9333D-01 4.9541D-01 4.9657D-01 4.9682D-01 4.9647D-01 4.9547D-01 4.9410D-01 4.9241D-01 4.9049D-01
 4.8865D-01 4.8679D-01 4.8533D-01 4.8452D-01 4.8453D-01 4.8556D-01 4.8767D-01 4.9128D-01 4.9637D-01 5.0292D-01
 5.1083D-01 5.2007D-01 5.3047D-01 5.4189D-01 5.5418D-01 5.6720D-01 5.8086D-01 5.9511D-01 6.1005D-01 6.2597D-01
 6.4338D-01 6.6295D-01 6.8529D-01 7.1046D-01 7.3349D-01 7.5887D-01 7.8609D-01 8.1488D-01 8.4495D-01 8.7675D-01
 9.0950D-01 9.4368D-01 9.7873D-01 1.0089D+00 1.0262D+00 1.0366D+00 1.0370D+00 1.0300D+00 1.0187D+00 1.0169D+00
 1.0137D+00 1.0105D+00 1.0076D+00 1.0051D+00 1.0031D+00 1.0015D+00 1.0002D+00 9.9924D-01 9.9888D-01 9.9914D-01
 9.9989D-01 1.0008D+00 1.0013D+00 1.0019D+00 1.0018D+00 1.0018D+00 1.0018D+00 1.0018D+00 1.0018D+00 1.0018D+00
 1.0017D+00 1.0016D+00 1.0015D+00 1.0014D+00 1.0014D+00 1.0014D+00 1.0016D+00 1.0020D+00 1.0016D+00 1.0026D+00
 1.0021D+00 1.0015D+00 1.0010D+00 1.0008D+00 1.0006D+00 1.0004D+00 1.0002D+00 1.0001D+00 1.0001D+00 1.0000D+00
 1.0000D+00 1.0000D+00 1.0000D+00 1.0000D+00 1.0000D+00 1.0000D+00 1.0000D+00 1.0000D+00 1.0000D+00 1.0000D+00
 1.0000D+00 1.0000D+00 1.0000D+00 1.0000D+00 1.0000D+00 1.0000D+00 1.0000D+00 1.0000D+00
         200          13           1
 1.3334D-03 2.1203D-03 2.2050D-03 2.2814D-03 2.3479D-03 2.4122D-03 2.4773D-03 2.5433D-03 2.6126D-03 2.6857D-03
 2.7635D-03 2.8460D-03 2.9325D-03 3.0249D-03 3.1221D-03 3.2242D-03 3.3298D-03 3.4409D-03 3.5559D-03 3.6732D-03
 3.7949D-03 3.9192D-03 4.0460D-03 4.1748D-03 4.3043D-03 4.4368D-03 4.5702D-03 4.7067D-03 4.8457D-03 4.9866D-03
 5.1324D-03 5.2793D-03 5.4328D-03 5.5956D-03 5.7688D-03 5.9533D-03 6.1483D-03 6.3629D-03 6.5952D-03 6.8428D-03
 7.1031D-03 7.3781D-03 7.6667D-03 7.9694D-03 8.2876D-03 8.6232D-03 8.9799D-03 9.3620D-03 9.7742D-03 1.0222D-02
 1.0714D-02 1.1261D-02 1.1884D-02 1.2609D-02 1.3293D-02 1.4121D-02 1.5140D-02 1.6437D-02 1.8157D-02 2.0545D-02
 2.4056D-02 2.9584D-02 3.9061D-02 5.7043D-02 9.6676D-02 2.1529D-01 4.6637D-01 7.6347D-01 9.2935D-01 9.6026D-01
 9.7722D-01 9.8577D-01 9.8985D-01 9.9186D-01 9.9307D-01 9.9411D-01 9.9516D-01 9.9634D-01 9.9763D-01 9.9901D-01
 1.0003D+00 1.0013D+00 1.0018D+00 1.0022D+00 1.0021D+00 1.0020D+00 1.0020D+00 1.0020D+00 1.0020D+00 1.0019D+00
 1.0018D+00 1.0018D+00 1.0017D+00 1.0016D+00 1.0016D+00 1.0016D+00 1.0018D+00 1.0023D+00 1.0018D+00 1.0030D+00
 1.0024D+00 1.0017D+00 1.0012D+00 1.0009D+00 1.0007D+00 1.0005D+00 1.0003D+00 1.0002D+00 1.0001D+00 1.0000D+00
 1.0000D+00 1.0000D+00 1.0000D+00 1.0000D+00 1.0000D+00 1.0000D+00 1.0000D+00 1.0000D+00 1.0000D+00 1.0000D+00
 1.0000D+00 1.0000D+00 1.0000D+00 1.0000D+00 1.0000D+00 1.0000D+00 1.0000D+00 1.0000D+00
         200          14           1
 2.7787D+00 3.9418D+00 3.9443D+00 3.9652D+00 3.9929D+00 4.0279D+00 4.0685D+00 4.1109D+00 4.1551D+00 4.1981D+00
 4.2381D+00 4.2719D+00 4.2955D+00 4.3091D+00 4.3097D+00 4.2971D+00 4.2698D+00 4.2307D+00 4.1802D+00 4.1195D+00
 4.0537D+00 3.9847D+00 3.9163D+00 3.8516D+00 3.7922D+00 3.7405D+00 3.6948D+00 3.6551D+00 3.6188D+00 3.5832D+00
 3.5471D+00 3.5067D+00 3.4623D+00 3.4139D+00 3.3618D+00 3.3072D+00 3.2511D+00 3.1967D+00 3.1449D+00 3.0972D+00
 3.0545D+00 3.0179D+00 2.9877D+00 2.9640D+00 2.9468D+00 2.9356D+00 2.9293D+00 2.9267D+00 2.9258D+00 2.9239D+00
 2.9175D+00 2.9022D+00 2.8735D+00 2.8290D+00 2.7773D+00 2.7106D+00 2.6295D+00 2.5345D+00 2.4262D+00 2.3047D+00
 2.1700D+00 2.0220D+00 1.8606D+00 1.6912D+00 1.5262D+00 1.3997D+00 1.2913D+00 1.2110D+00 1.1480D+00 1.1270D+00
 1.1075D+00 1.0892D+00 1.0725D+00 1.0577D+00 1.0446D+00 1.0332D+00 1.0235D+00 1.0158D+00 1.0104D+00 1.0072D+00
 1.0056D+00 1.0047D+00 1.0039D+00 1.0033D+00 1.0029D+00 1.0025D+00 1.0023D+00 1.0020D+00 1.0018D+00 1.0017D+00
 1.0015D+00 1.0014D+00 1.0013D+00 1.0012D+00 1.0011D+00 1.0011D+00 1.0012D+00 1.0015D+00 1.0012D+00 1.0020D+00
 1.0016D+00 1.0011D+00 1.0008D+00 1.0006D+00 1.0005D+00 1.0003D+00 1.0002D+00 1.0001D+00 1.0001D+00 1.0000D+00
 1.0000D+00 1.0000D+00 1.0000D+00 1.0000D+00 1.0000D+00 1.0000D+00 1.0000D+00 1.0000D+00 1.0000D+00 1.0000D+00
 1.0000D+00 1.0000D+00 1.0000D+00 1.0000D+00 1.0000D+00 1.0000D+00 1.0000D+00 1.0000D+00
         200          15           1
 3.5632D-01 4.9271D-01 4.8308D-01 4.7591D-01 4.6976D-01 4.6501D-01 4.6165D-01 4.5941D-01 4.5846D-01 4.5867D-01
 4.6006D-01 4.6247D-01 4.6566D-01 4.6965D-01 4.7400D-01 4.7838D-01 4.8217D-01 4.8520D-01 4.8688D-01 4.8682D-01
 4.8531D-01 4.8197D-01 4.7693D-01 4.7037D-01 4.6247D-01 4.5369D-01 4.4411D-01 4.3408D-01 4.2365D-01 4.1286D-01
 4.0186D-01 3.9051D-01 3.7904D-01 3.6766D-01 3.5668D-01 3.4656D-01 3.3791D-01 3.3172D-01 3.2883D-01 3.2997D-01
 3.3558D-01 3.4571D-01 3.5986D-01 3.7720D-01 3.9672D-01 4.1743D-01 4.3860D-01 4.5986D-01 4.8123D-01 5.0304D-01
 5.2581D-01 5.5001D-01 5.7611D-01 6.0413D-01 6.2874D-01 6.5616D-01 6.8643D-01 7.1987D-01 7.5664D-01 7.9711D-01
 8.4183D-01 8.8930D-01 9.3729D-01 9.8086D-01 1.0110D+00 1.0221D+00 1.0200D+00 1.0097D+00 9.9752D-01 9.9640D-01
 9.9384D-01 9.9157D-01 9.8992D-01 9.8896D-01 9.8868D-01 9.8910D-01 9.9007D-01 9.9166D-01 9.9384D-01 9.9640D-01
 9.9906D-01 1.0011D+00 1.0021D+00 1.0027D+00 1.0026D+00 1.0023D+00 1.0021D+00 1.0020D+00 1.0018D+00 1.0016D+00
 1.0015D+00 1.0014D+00 1.0012D+00 1.0011D+00 1.0011D+00 1.0010D+00 1.0011D+00 1.0014D+00 1.0012D+00 1.0019D+00
 1.0015D+00 1.0011D+00 1.0007D+00 1.0006D+00 1.0005D+00 1.0003D+00 1.0002D+00 1.0001D+00 1.0001D+00 1.0000D+00
 1.0000D+00 1.0000D+00 1.0000D+00 1.0000D+00 1.0000D+00 1.0000D+00 1.0000D+00 1.0000D+00 1.0000D+00 1.0000D+00
 1.0000D+00 1.0000D+00 1.0000D+00 1.0000D+00 1.0000D+00 1.0000D+00 1.0000D+00 1.0000D+00
         200          16           1
 3.6909D-03 5.5070D-03 5.6996D-03 5.8720D-03 6.0211D-03 6.1647D-03 6.3094D-03 6.4555D-03 6.6085D-03 6.7691D-03
 6.9395D-03 7.1197D-03 7.3080D-03 7.5084D-03 7.7185D-03 7.9386D-03 8.1654D-03 8.4033D-03 8.6490D-03 8.8991D-03
 9.1579D-03 9.4217D-03 9.6905D-03 9.9632D-03 1.0237D-02 1.0517D-02 1.0798D-02 1.1085D-02 1.1375D-02 1.1668D-02
 1.1967D-02 1.2262D-02 1.2564D-02 1.2873D-02 1.3190D-02 1.3514D-02 1.3843D-02 1.4192D-02 1.4560D-02 1.4942D-02
 1.5338D-02 1.5752D-02 1.6187D-02 1.6647D-02 1.7137D-02 1.7668D-02 1.8251D-02 1.8900D-02 1.9633D-02 2.0467D-02
 2.1424D-02 2.2527D-02 2.3809D-02 2.5306D-02 2.6696D-02 2.8317D-02 3.0225D-02 3.2534D-02 3.5423D-02 3.9207D-02
 4.4456D-02 5.2285D-02 6.5030D-02 8.8010D-02 1.3614D-01 2.7363D-01 5.5055D-01 8.5862D-01 1.0100D+00 1.0317D+00
 1.0396D+00 1.0396D+00 1.0357D+00 1.0305D+00 1.0250D+00 1.0199D+00 1.0153D+00 1.0115D+00 1.0085D+00 1.0063D+00
 1.0048D+00 1.0039D+00 1.0030D+00 1.0026D+00 1.0023D+00 1.0020D+00 1.0018D+00 1.0018D+00 1.0017D+00 1.0016D+00
 1.0015D+00 1.0014D+00 1.0014D+00 1.0013D+00 1.0013D+00 1.0013D+00 1.0014D+00 1.0018D+00 1.0015D+00 1.0024D+00
 1.0019D+00 1.0014D+00 1.0009D+00 1.0007D+00 1.0006D+00 1.0004D+00 1.0002D+00 1.0001D+00 1.0001D+00 1.0000D+00
 1.0000D+00 1.0000D+00 1.0000D+00 1.0000D+00 1.0000D+00 1.0000D+00 1.0000D+00 1.0000D+00 1.0000D+00 1.0000D+00
 1.0000D+00 1.0000D+00 1.0000D+00 1.0000D+00 1.0000D+00 1.0000D+00 1.0000D+00 1.0000D+00
         200          17           1
 1.2739D-02 1.8630D-02 1.9165D-02 1.9694D-02 2.0183D-02 2.0669D-02 2.1163D-02 2.1662D-02 2.2180D-02 2.2724D-02
 2.3306D-02 2.3933D-02 2.4608D-02 2.5350D-02 2.6155D-02 2.7026D-02 2.7948D-02 2.8929D-02 2.9948D-02 3.0985D-02
 3.2045D-02 3.3107D-02 3.4167D-02 3.5219D-02 3.6251D-02 3.7281D-02 3.8295D-02 3.9309D-02 4.0322D-02 4.1331D-02
 4.2356D-02 4.3374D-02 4.4415D-02 4.5491D-02 4.6605D-02 4.7765D-02 4.8968D-02 5.0264D-02 5.1650D-02 5.3121D-02
 5.4671D-02 5.6324D-02 5.8117D-02 6.0129D-02 6.2462D-02 6.5210D-02 6.8446D-02 7.2210D-02 7.6531D-02 8.1446D-02
 8.7030D-02 9.3399D-02 1.0074D-01 1.0924D-01 1.1727D-01 1.2693D-01 1.3852D-01 1.5272D-01 1.7046D-01 1.9302D-01
 2.2217D-01 2.6024D-01 3.1015D-01 3.7422D-01 4.5175D-01 5.4037D-01 6.3391D-01 7.2263D-01 8.0195D-01 8.3328D-01
 8.6092D-01 8.8585D-01 9.0832D-01 9.2862D-01 9.4702D-01 9.6387D-01 9.7945D-01 9.9319D-01 1.0036D+00 1.0097D+00
 1.0114D+00 1.0104D+00 1.0082D+00 1.0063D+00 1.0050D+00 1.0041D+00 1.0034D+00 1.0028D+00 1.0024D+00 1.0020D+00
 1.0018D+00 1.0015D+00 1.0013D+00 1.0012D+00 1.0011D+00 1.0010D+00 1.0011D+00 1.0013D+00 1.0012D+00 1.0018D+00
 1.0013D+00 1.0009D+00 1.0006D+00 1.0005D+00 1.0003D+00 1.0002D+00 1.0001D+00 1.0001D+00 1.0000D+00 1.0000D+00
 1.0000D+00 1.0000D+00 1.0000D+00 1.0000D+00 1.0000D+00 1.0000D+00 1.0000D+00 1.0000D+00 1.0000D+00 1.0000D+00
 1.0000D+00 1.0000D+00 1.0000D+00 1.0000D+00 1.0000D+00 1.0000D+00 1.0000D+00 1.0000D+00
         200          18           1
 7.3209D-03 1.0831D-02 1.1207D-02 1.1542D-02 1.1831D-02 1.2109D-02 1.2388D-02 1.2670D-02 1.2965D-02 1.3274D-02
 1.3602D-02 1.3948D-02 1.4308D-02 1.4692D-02 1.5093D-02 1.5512D-02 1.5943D-02 1.6394D-02 1.6858D-02 1.7329D-02
 1.7815D-02 1.8309D-02 1.8810D-02 1.9317D-02 1.9824D-02 2.0340D-02 2.0856D-02 2.1382D-02 2.1911D-02 2.2442D-02
 2.2982D-02 2.3512D-02 2.4049D-02 2.4597D-02 2.5154D-02 2.5718D-02 2.6284D-02 2.6881D-02 2.7501D-02 2.8139D-02
 2.8789D-02 2.9463D-02 3.0160D-02 3.0884D-02 3.1637D-02 3.2424D-02 3.3251D-02 3.4126D-02 3.5057D-02 3.6054D-02
 3.7130D-02 3.8297D-02 3.9580D-02 4.1007D-02 4.2285D-02 4.3722D-02 4.5355D-02 4.7249D-02 4.9509D-02 5.2312D-02
 5.5983D-02 6.1183D-02 6.9408D-02 8.4404D-02 1.1748D-01 2.1878D-01 4.4634D-01 7.3578D-01 9.1496D-01 9.5348D-01
 9.7747D-01 9.9189D-01 1.0006D+00 1.0060D+00 1.0097D+00 1.0124D+00 1.0145D+00 1.0157D+00 1.0160D+00 1.0148D+00
 1.0128D+00 1.0105D+00 1.0081D+00 1.0062D+00 1.0050D+00 1.0041D+00 1.0035D+00 1.0029D+00 1.0025D+00 1.0022D+00
 1.0019D+00 1.0017D+00 1.0015D+00 1.0013D+00 1.0012D+00 1.0012D+00 1.0013D+00 1.0016D+00 1.0014D+00 1.0021D+00
 1.0016D+00 1.0011D+00 1.0008D+00 1.0006D+00 1.0005D+00 1.0003D+00 1.0002D+00 1.0001D+00 1.0001D+00 1.0000D+00
 1.0000D+00 1.0000D+00 1.0000D+00 1.0000D+00 1.0000D+00 1.0000D+00 1.0000D+00 1.0000D+00 1.0000D+00 1.0000D+00
 1.0000D+00 1.0000D+00 1.0000D+00 1.0000D+00 1.0000D+00 1.0000D+00 1.0000D+00 1.0000D+00
         200          19           1
 1.0718D-03 6.8633D-03 7.1836D-03 7.4760D-03 7.7362D-03 7.9867D-03 8.2378D-03 8.4907D-03 8.7548D-03 9.0345D-03
 9.3351D-03 9.6579D-03 1.0001D-02 1.0373D-02 1.0770D-02 1.1194D-02 1.1643D-02 1.2123D-02 1.2631D-02 1.3164D-02
 1.3729D-02 1.4322D-02 1.4943D-02 1.5593D-02 1.6266D-02 1.6972D-02 1.7701D-02 1.8462D-02 1.9250D-02 2.0064D-02
 2.0910D-02 2.1771D-02 2.2663D-02 2.3590D-02 2.4547D-02 2.5530D-02 2.6517D-02 2.7555D-02 2.8632D-02 2.9729D-02
 3.0823D-02 3.1927D-02 3.3035D-02 3.4145D-02 3.5257D-02 3.6372D-02 3.7498D-02 3.8644D-02 3.9827D-02 4.1068D-02
 4.2403D-02 4.3876D-02 4.5560D-02 4.7560D-02 4.9475D-02 5.1788D-02 5.4625D-02 5.8188D-02 6.2788D-02 6.8924D-02
 7.7397D-02 8.9689D-02 1.0837D-01 1.3863D-01 1.9451D-01 3.3863D-01 6.0357D-01 8.8423D-01 1.0153D+00 1.0325D+00
 1.0377D+00 1.0364D+00 1.0322D+00 1.0270D+00 1.0219D+00 1.0173D+00 1.0132D+00 1.0098D+00 1.0071D+00 1.0051D+00
 1.0038D+00 1.0030D+00 1.0024D+00 1.0021D+00 1.0018D+00 1.0016D+00 1.0015D+00 1.0015D+00 1.0015D+00 1.0015D+00
 1.0014D+00 1.0014D+00 1.0013D+00 1.0013D+00 1.0012D+00 1.0013D+00 1.0014D+00 1.0018D+00 1.0015D+00 1.0024D+00
 1.0019D+00 1.0014D+00 1.0010D+00 1.0007D+00 1.0006D+00 1.0004D+00 1.0002D+00 1.0001D+00 1.0001D+00 1.0000D+00
 1.0000D+00 1.0000D+00 1.0000D+00 1.0000D+00 1.0000D+00 1.0000D+00 1.0000D+00 1.0000D+00 1.0000D+00 1.0000D+00
 1.0000D+00 1.0000D+00 1.0000D+00 1.0000D+00 1.0000D+00 1.0000D+00 1.0000D+00 1.0000D+00
         201           1           1
 1.6404D-69 6.0284D-61 3.2700D-60 1.4089D-59 4.7887D-59 1.5067D-58 4.6441D-58 1.4074D-57 4.3635D-57 1.3897D-56
 4.6038D-56 1.5790D-55 5.5206D-55 2.0170D-54 7.5325D-54 2.8755D-53 1.0965D-52 4.2766D-52 1.6681D-51 6.3834D-51
 2.4521D-50 9.2530D-50 3.4324D-49 1.2445D-48 4.3588D-48 1.5100D-47 5.0660D-47 1.6819D-46 5.4686D-46 1.7296D-45
 5.4167D-45 1.6179D-44 4.7698D-44 1.4014D-43 4.0827D-43 1.1762D-42 3.3115D-42 9.6111D-42 2.8279D-41 8.3355D-41
 2.4387D-40 7.1933D-40 2.1361D-39 6.4047D-39 1.9451D-38 5.9921D-38 1.8836D-37 6.0757D-37 2.0195D-36 6.9493D-36
 2.4970D-35 9.4311D-35 3.8043D-34 1.6668D-33 5.8659D-33 2.2531D-32 9.5085D-32 4.4915D-31 2.4319D-30 1.5502D-29
 1.1988D-28 1.1606D-27 1.4450D-26 2.3663D-25 5.8141D-24 4.1953D-22 3.5020D-20 3.2078D-18 3.1096D-16 1.9257D-15
 1.2034D-14 7.2890D-14 4.2348D-13 2.3451D-12 1.2334D-11 6.1533D-11 2.9136D-10 1.3120D-09 5.6361D-09 2.3164D-08
 9.1211D-08 3.4467D-07 1.2545D-06 4.5140D-06 8.9624D-06 1.7748D-05 3.4984D-05 6.8597D-05 1.3377D-04 2.5934D-04
 4.9967D-04 9.5618D-04 1.8162D-03 3.4215D-03 6.3859D-03 1.1786D-02 2.1444D-02 3.8010D-02 6.2275D-02 2.7513D-01
 6.4987D-01 8.8433D-01 9.6497D-01 9.9003D-01 9.9867D-01 1.0007D+00 1.0008D+00 1.0005D+00 1.0003D+00 1.0002D+00
 1.0001D+00 1.0001D+00 1.0001D+00 1.0000D+00 1.0000D+00 1.0000D+00 1.0000D+00 1.0000D+00 1.0000D+00 1.0000D+00
 1.0000D+00 1.0000D+00 1.0000D+00 1.0000D+00 1.0000D+00 1.0000D+00 1.0000D+00 1.0000D+00
         201           2           1
 2.6840D-23 1.6955D-19 2.4650D-19 3.3888D-19 4.3868D-19 5.5615D-19 7.0026D-19 8.7655D-19 1.1014D-18 1.3908D-18
 1.7703D-18 2.2680D-18 2.9125D-18 3.7701D-18 4.8907D-18 6.3549D-18 8.2205D-18 1.0646D-17 1.3720D-17 1.7509D-17
 2.2254D-17 2.8016D-17 3.4948D-17 4.3144D-17 5.2575D-17 6.3651D-17 7.6191D-17 9.0724D-17 1.0725D-16 1.2574D-16
 1.4698D-16 1.6982D-16 1.9577D-16 2.2587D-16 2.6070D-16 3.0110D-16 3.4756D-16 4.0451D-16 4.7570D-16 5.6288D-16
 6.6892D-16 8.0178D-16 9.6920D-16 1.1825D-15 1.4573D-15 1.8144D-15 2.2848D-15 2.9126D-15 3.7604D-15 4.9197D-15
 6.5322D-15 8.8118D-15 1.2119D-14 1.7057D-14 2.2891D-14 3.1445D-14 4.4298D-14 6.4307D-14 9.6787D-14 1.5207D-13
 2.5136D-13 4.4074D-13 8.2603D-13 1.6664D-12 3.7479D-12 1.1194D-11 3.5175D-11 1.1580D-10 4.1273D-10 7.1635D-10
 1.3143D-09 2.5819D-09 5.5385D-09 1.3072D-08 3.3510D-08 9.0677D-08 2.5077D-07 6.9011D-07 1.8582D-06 4.8559D-06
 1.2283D-05 3.0118D-05 7.1852D-05 1.7010D-04 2.6932D-04 4.2548D-04 6.6973D-04 1.0501D-03 1.6407D-03 2.5554D-03
 3.9701D-03 6.1569D-03 9.5385D-03 1.4773D-02 2.2884D-02 3.5447D-02 5.4821D-02 8.3882D-02 1.2156D-01 3.9012D-01
 7.6495D-01 9.4874D-01 9.9334D-01 1.0015D+00 1.0030D+00 1.0021D+00 1.0012D+00 1.0006D+00 1.0003D+00 1.0002D+00
 1.0001D+00 1.0001D+00 1.0001D+00 1.0000D+00 9.9999D-01 1.0000D+00 1.0000D+00 1.0000D+00 1.0000D+00 1.0000D+00
 1.0000D+00 1.0000D+00 1.0000D+00 1.0000D+00 1.0000D+00 1.0000D+00 1.0000D+00 1.0000D+00
         201           3           1
 1.2987D-11 2.0966D-10 2.5343D-10 2.9839D-10 3.4178D-10 3.8787D-10 4.3897D-10 4.9563D-10 5.6082D-10 6.3627D-10
 7.2479D-10 8.2846D-10 9.4844D-10 1.0905D-09 1.2559D-09 1.4485D-09 1.6687D-09 1.9249D-09 2.2174D-09 2.5449D-09
 2.9174D-09 3.3321D-09 3.7918D-09 4.2962D-09 4.8401D-09 5.4374D-09 6.0768D-09 6.7745D-09 7.5262D-09 8.3279D-09
 9.2000D-09 1.0106D-08 1.1087D-08 1.2164D-08 1.3344D-08 1.4638D-08 1.6042D-08 1.7654D-08 1.9503D-08 2.1593D-08
 2.3935D-08 2.6612D-08 2.9673D-08 3.3192D-08 3.7257D-08 4.1966D-08 4.7463D-08 5.3924D-08 6.1562D-08 7.0648D-08
 8.1564D-08 9.4790D-08 1.1108D-07 1.3150D-07 1.5189D-07 1.7729D-07 2.0925D-07 2.5029D-07 3.0424D-07 3.7701D-07
 4.7798D-07 6.2247D-07 8.3575D-07 1.1609D-06 1.6963D-06 2.8275D-06 4.8239D-06 8.3752D-06 1.4818D-05 1.8747D-05
 2.3978D-05 3.1042D-05 4.0963D-05 5.5441D-05 7.6959D-05 1.0838D-04 1.5200D-04 2.0884D-04 2.7923D-04 3.6406D-04
 4.6615D-04 5.9245D-04 7.5821D-04 1.0009D-03 1.1873D-03 1.4380D-03 1.7844D-03 2.2747D-03 2.9832D-03 4.0236D-03
 5.5715D-03 7.8977D-03 1.1422D-02 1.6797D-02 2.5035D-02 3.7688D-02 5.7052D-02 8.5886D-02 1.2376D-01 3.8835D-01
 7.5830D-01 9.4135D-01 9.8734D-01 9.9675D-01 9.9847D-01 9.9927D-01 9.9981D-01 1.0001D+00 1.0002D+00 1.0001D+00
 1.0001D+00 1.0000D+00 1.0000D+00 1.0000D+00 1.0000D+00 1.0000D+00 1.0000D+00 1.0000D+00 1.0000D+00 1.0000D+00
 1.0000D+00 1.0000D+00 1.0000D+00 1.0000D+00 1.0000D+00 1.0000D+00 1.0000D+00 1.0000D+00
         201           4           1
 1.9244D-07 9.5764D-07 1.0661D-06 1.1690D-06 1.2616D-06 1.3541D-06 1.4509D-06 1.5523D-06 1.6627D-06 1.7836D-06
 1.9175D-06 2.0654D-06 2.2265D-06 2.4058D-06 2.6016D-06 2.8155D-06 3.0443D-06 3.2939D-06 3.5606D-06 3.8404D-06
 4.1394D-06 4.4523D-06 4.7794D-06 5.1187D-06 5.4662D-06 5.8304D-06 6.2039D-06 6.5964D-06 7.0051D-06 7.4281D-06
 7.8760D-06 8.3306D-06 8.8118D-06 9.3285D-06 9.8810D-06 1.0471D-05 1.1095D-05 1.1790D-05 1.2558D-05 1.3394D-05
 1.4295D-05 1.5282D-05 1.6361D-05 1.7546D-05 1.8849D-05 2.0286D-05 2.1879D-05 2.3654D-05 2.5640D-05 2.7873D-05
 3.0403D-05 3.3288D-05 3.6622D-05 4.0529D-05 4.4191D-05 4.8479D-05 5.3535D-05 5.9586D-05 6.6959D-05 7.6113D-05
 8.7711D-05 1.0272D-04 1.2255D-04 1.4926D-04 1.8748D-04 2.5492D-04 3.5179D-04 4.9085D-04 6.9181D-04 7.9559D-04
 9.1869D-04 1.0645D-03 1.2416D-03 1.4647D-03 1.7566D-03 2.1460D-03 2.6582D-03 3.3017D-03 4.0628D-03 4.9164D-03
 5.8412D-03 6.8303D-03 7.8955D-03 9.0927D-03 9.8197D-03 1.0630D-02 1.1556D-02 1.2646D-02 1.3976D-02 1.5659D-02
 1.7872D-02 2.0883D-02 2.5108D-02 3.1192D-02 4.0135D-02 5.3466D-02 7.3462D-02 1.0285D-01 1.4082D-01 4.0443D-01
 7.6896D-01 9.4731D-01 9.9099D-01 9.9939D-01 1.0008D+00 1.0007D+00 1.0006D+00 1.0004D+00 1.0002D+00 1.0001D+00
 1.0000D+00 1.0000D+00 1.0000D+00 1.0000D+00 1.0000D+00 1.0000D+00 1.0000D+00 1.0000D+00 1.0000D+00 1.0000D+00
 1.0000D+00 1.0000D+00 1.0000D+00 1.0000D+00 1.0000D+00 1.0000D+00 1.0000D+00 1.0000D+00
         201           5           1
 1.7616D-05 5.1252D-05 5.4931D-05 5.8298D-05 6.1218D-05 6.4050D-05 6.6936D-05 6.9882D-05 7.3012D-05 7.6354D-05
 7.9969D-05 8.3860D-05 8.7987D-05 9.2462D-05 9.7219D-05 1.0227D-04 1.0753D-04 1.1312D-04 1.1893D-04 1.2487D-04
 1.3107D-04 1.3741D-04 1.4391D-04 1.5052D-04 1.5718D-04 1.6407D-04 1.7103D-04 1.7827D-04 1.8572D-04 1.9335D-04
 2.0133D-04 2.0934D-04 2.1771D-04 2.2657D-04 2.3590D-04 2.4570D-04 2.5586D-04 2.6697D-04 2.7898D-04 2.9177D-04
 3.0526D-04 3.1969D-04 3.3512D-04 3.5165D-04 3.6940D-04 3.8849D-04 4.0913D-04 4.3155D-04 4.5599D-04 4.8275D-04
 5.1224D-04 5.4494D-04 5.8162D-04 6.2329D-04 6.6121D-04 7.0440D-04 7.5382D-04 8.1112D-04 8.7857D-04 9.5926D-04
 1.0575D-03 1.1791D-03 1.3321D-03 1.5276D-03 1.7908D-03 2.2186D-03 2.7803D-03 3.5147D-03 4.4778D-03 4.9419D-03
 5.4675D-03 6.0587D-03 6.7350D-03 7.5317D-03 8.5050D-03 9.7304D-03 1.1286D-02 1.3218D-02 1.5509D-02 1.8078D-02
 2.0822D-02 2.3665D-02 2.6583D-02 2.9651D-02 3.1399D-02 3.3241D-02 3.5207D-02 3.7349D-02 3.9745D-02 4.2511D-02
 4.5820D-02 4.9936D-02 5.5264D-02 6.2428D-02 7.2391D-02 8.6619D-02 1.0728D-01 1.3693D-01 1.7475D-01 4.3064D-01
 7.7972D-01 9.4934D-01 9.9081D-01 9.9877D-01 1.0002D+00 1.0003D+00 1.0002D+00 1.0001D+00 1.0001D+00 1.0000D+00
 1.0000D+00 1.0000D+00 1.0000D+00 1.0000D+00 1.0000D+00 1.0000D+00 1.0000D+00 1.0000D+00 1.0000D+00 1.0000D+00
 1.0000D+00 1.0000D+00 1.0000D+00 1.0000D+00 1.0000D+00 1.0000D+00 1.0000D+00 1.0000D+00
         201           6           1
 2.1336D-04 4.5977D-04 4.8280D-04 5.0345D-04 5.2099D-04 5.3773D-04 5.5455D-04 5.7150D-04 5.8929D-04 6.0809D-04
 6.2819D-04 6.4958D-04 6.7199D-04 6.9602D-04 7.2124D-04 7.4772D-04 7.7493D-04 8.0352D-04 8.3295D-04 8.6274D-04
 8.9355D-04 9.2483D-04 9.5664D-04 9.8886D-04 1.0211D-03 1.0544D-03 1.0878D-03 1.1225D-03 1.1579D-03 1.1940D-03
 1.2315D-03 1.2690D-03 1.3078D-03 1.3485D-03 1.3908D-03 1.4348D-03 1.4799D-03 1.5286D-03 1.5804D-03 1.6349D-03
 1.6916D-03 1.7515D-03 1.8146D-03 1.8812D-03 1.9518D-03 2.0267D-03 2.1065D-03 2.1920D-03 2.2839D-03 2.3829D-03
 2.4905D-03 2.6080D-03 2.7378D-03 2.8829D-03 3.0130D-03 3.1590D-03 3.3237D-03 3.5116D-03 3.7292D-03 3.9849D-03
 4.2903D-03 4.6611D-03 5.1178D-03 5.6879D-03 6.4335D-03 7.5921D-03 9.0453D-03 1.0857D-02 1.3118D-02 1.4170D-02
 1.5332D-02 1.6604D-02 1.8011D-02 1.9603D-02 2.1463D-02 2.3710D-02 2.6487D-02 2.9909D-02 3.4010D-02 3.8692D-02
 4.3764D-02 4.9031D-02 5.4375D-02 5.9862D-02 6.2914D-02 6.6057D-02 6.9324D-02 7.2771D-02 7.6480D-02 8.0571D-02
 8.5218D-02 9.0679D-02 9.7347D-02 1.0582D-01 1.1701D-01 1.3230D-01 1.5373D-01 1.8367D-01 2.2126D-01 4.6714D-01
 7.9579D-01 9.5344D-01 9.9151D-01 9.9872D-01 1.0000D+00 1.0001D+00 1.0001D+00 1.0001D+00 1.0000D+00 1.0000D+00
 1.0000D+00 1.0000D+00 1.0000D+00 1.0000D+00 1.0000D+00 1.0000D+00 1.0000D+00 1.0000D+00 1.0000D+00 1.0000D+00
 1.0000D+00 1.0000D+00 1.0000D+00 1.0000D+00 1.0000D+00 1.0000D+00 1.0000D+00 1.0000D+00
         201           7           1
 9.8231D-04 1.7581D-03 1.8243D-03 1.8830D-03 1.9322D-03 1.9788D-03 2.0253D-03 2.0719D-03 2.1206D-03 2.1717D-03
 2.2262D-03 2.2838D-03 2.3438D-03 2.4079D-03 2.4747D-03 2.5445D-03 2.6159D-03 2.6906D-03 2.7671D-03 2.8443D-03
 2.9238D-03 3.0044D-03 3.0860D-03 3.1686D-03 3.2511D-03 3.3358D-03 3.4210D-03 3.5087D-03 3.5981D-03 3.6887D-03
 3.7823D-03 3.8753D-03 3.9709D-03 4.0703D-03 4.1729D-03 4.2787D-03 4.3863D-03 4.5014D-03 4.6229D-03 4.7494D-03
 4.8799D-03 5.0165D-03 5.1593D-03 5.3088D-03 5.4658D-03 5.6309D-03 5.8054D-03 5.9909D-03 6.1888D-03 6.4007D-03
 6.6291D-03 6.8764D-03 7.1472D-03 7.4471D-03 7.7137D-03 8.0110D-03 8.3436D-03 8.7205D-03 9.1535D-03 9.6588D-03
 1.0258D-02 1.0980D-02 1.1863D-02 1.2955D-02 1.4364D-02 1.6489D-02 1.9089D-02 2.2248D-02 2.6089D-02 2.7841D-02
 2.9753D-02 3.1814D-02 3.4052D-02 3.6523D-02 3.9324D-02 4.2601D-02 4.6544D-02 5.1340D-02 5.7099D-02 6.3771D-02
 7.1136D-02 7.8895D-02 8.6809D-02 9.4883D-02 9.9334D-02 1.0387D-01 1.0852D-01 1.1335D-01 1.1844D-01 1.2392D-01
 1.2995D-01 1.3680D-01 1.4483D-01 1.5462D-01 1.6702D-01 1.8332D-01 2.0541D-01 2.3545D-01 2.7256D-01 5.0676D-01
 8.1296D-01 9.5786D-01 9.9240D-01 9.9885D-01 9.9997D-01 1.0001D+00 1.0001D+00 1.0000D+00 1.0000D+00 1.0000D+00
 1.0000D+00 1.0000D+00 1.0000D+00 1.0000D+00 1.0000D+00 1.0000D+00 1.0000D+00 1.0000D+00 1.0000D+00 1.0000D+00
 1.0000D+00 1.0000D+00 1.0000D+00 1.0000D+00 1.0000D+00 1.0000D+00 1.0000D+00 1.0000D+00
         201           8           1
 2.6699D-03 4.2296D-03 4.3560D-03 4.4674D-03 4.5605D-03 4.6483D-03 4.7357D-03 4.8230D-03 4.9140D-03 5.0093D-03
 5.1106D-03 5.2175D-03 5.3287D-03 5.4468D-03 5.5698D-03 5.6980D-03 5.8287D-03 5.9651D-03 6.1046D-03 6.2450D-03
 6.3895D-03 6.5356D-03 6.6835D-03 6.8327D-03 6.9817D-03 7.1341D-03 7.2871D-03 7.4439D-03 7.6032D-03 7.7640D-03
 7.9293D-03 8.0927D-03 8.2599D-03 8.4325D-03 8.6099D-03 8.7914D-03 8.9751D-03 9.1704D-03 9.3750D-03 9.5869D-03
 9.8042D-03 1.0030D-02 1.0265D-02 1.0510D-02 1.0767D-02 1.1035D-02 1.1317D-02 1.1615D-02 1.1931D-02 1.2267D-02
 1.2627D-02 1.3016D-02 1.3440D-02 1.3908D-02 1.4324D-02 1.4785D-02 1.5301D-02 1.5885D-02 1.6555D-02 1.7336D-02
 1.8263D-02 1.9379D-02 2.0743D-02 2.2426D-02 2.4581D-02 2.7759D-02 3.1593D-02 3.6181D-02 4.1669D-02 4.4143D-02
 4.6819D-02 4.9675D-02 5.2739D-02 5.6067D-02 5.9760D-02 6.3977D-02 6.8931D-02 7.4855D-02 8.1922D-02 9.0145D-02
 9.9321D-02 1.0910D-01 1.1912D-01 1.2933D-01 1.3491D-01 1.4056D-01 1.4630D-01 1.5219D-01 1.5832D-01 1.6481D-01
 1.7183D-01 1.7962D-01 1.8854D-01 1.9913D-01 2.1219D-01 2.2893D-01 2.5111D-01 2.8073D-01 3.1691D-01 5.3962D-01
 8.2654D-01 9.6114D-01 9.9300D-01 9.9891D-01 9.9991D-01 1.0000D+00 1.0000D+00 1.0000D+00 1.0000D+00 1.0000D+00
 1.0000D+00 1.0000D+00 1.0000D+00 1.0000D+00 1.0000D+00 1.0000D+00 1.0000D+00 1.0000D+00 1.0000D+00 1.0000D+00
 1.0000D+00 1.0000D+00 1.0000D+00 1.0000D+00 1.0000D+00 1.0000D+00 1.0000D+00 1.0000D+00
         201           9           1
 5.3289D-03 7.7552D-03 7.9480D-03 8.1177D-03 8.2592D-03 8.3924D-03 8.5249D-03 8.6572D-03 8.7948D-03 8.9388D-03
 9.0914D-03 9.2522D-03 9.4189D-03 9.5958D-03 9.7797D-03 9.9707D-03 1.0165D-02 1.0368D-02 1.0575D-02 1.0783D-02
 1.0997D-02 1.1212D-02 1.1430D-02 1.1650D-02 1.1868D-02 1.2091D-02 1.2315D-02 1.2543D-02 1.2774D-02 1.3006D-02
 1.3244D-02 1.3478D-02 1.3716D-02 1.3961D-02 1.4212D-02 1.4468D-02 1.4725D-02 1.4998D-02 1.5283D-02 1.5576D-02
 1.5876D-02 1.6187D-02 1.6509D-02 1.6843D-02 1.7192D-02 1.7555D-02 1.7936D-02 1.8338D-02 1.8763D-02 1.9214D-02
 1.9697D-02 2.0216D-02 2.0782D-02 2.1404D-02 2.1955D-02 2.2567D-02 2.3250D-02 2.4022D-02 2.4908D-02 2.5943D-02
 2.7172D-02 2.8658D-02 3.0478D-02 3.2733D-02 3.5615D-02 3.9788D-02 4.4756D-02 5.0604D-02 5.7467D-02 6.0523D-02
 6.3798D-02 6.7263D-02 7.0941D-02 7.4886D-02 7.9199D-02 8.4038D-02 8.9623D-02 9.6201D-02 1.0398D-01 1.1300D-01
 1.2309D-01 1.3388D-01 1.4496D-01 1.5620D-01 1.6232D-01 1.6848D-01 1.7469D-01 1.8102D-01 1.8756D-01 1.9442D-01
 2.0178D-01 2.0986D-01 2.1901D-01 2.2976D-01 2.4287D-01 2.5950D-01 2.8132D-01 3.1026D-01 3.4543D-01 5.5988D-01
 8.3457D-01 9.6302D-01 9.9334D-01 9.9895D-01 9.9989D-01 1.0000D+00 1.0000D+00 1.0000D+00 1.0000D+00 1.0000D+00
 1.0000D+00 1.0000D+00 1.0000D+00 1.0000D+00 1.0000D+00 1.0000D+00 1.0000D+00 1.0000D+00 1.0000D+00 1.0000D+00
 1.0000D+00 1.0000D+00 1.0000D+00 1.0000D+00 1.0000D+00 1.0000D+00 1.0000D+00 1.0000D+00
         201          10           1
 8.2587D-03 1.1306D-02 1.1548D-02 1.1762D-02 1.1940D-02 1.2108D-02 1.2276D-02 1.2443D-02 1.2616D-02 1.2798D-02
 1.2989D-02 1.3191D-02 1.3400D-02 1.3621D-02 1.3851D-02 1.4089D-02 1.4332D-02 1.4584D-02 1.4841D-02 1.5100D-02
 1.5365D-02 1.5632D-02 1.5902D-02 1.6174D-02 1.6444D-02 1.6719D-02 1.6994D-02 1.7274D-02 1.7557D-02 1.7841D-02
 1.8130D-02 1.8415D-02 1.8705D-02 1.9002D-02 1.9305D-02 1.9613D-02 1.9923D-02 2.0251D-02 2.0592D-02 2.0943D-02
 2.1302D-02 2.1674D-02 2.2058D-02 2.2457D-02 2.2873D-02 2.3307D-02 2.3761D-02 2.4241D-02 2.4748D-02 2.5288D-02
 2.5865D-02 2.6487D-02 2.7164D-02 2.7908D-02 2.8567D-02 2.9299D-02 3.0114D-02 3.1034D-02 3.2087D-02 3.3314D-02
 3.4765D-02 3.6513D-02 3.8645D-02 4.1269D-02 4.4596D-02 4.9337D-02 5.4931D-02 6.1431D-02 6.8945D-02 7.2257D-02
 7.5781D-02 7.9482D-02 8.3383D-02 8.7537D-02 9.2041D-02 9.7050D-02 1.0278D-01 1.0950D-01 1.1740D-01 1.2656D-01
 1.3681D-01 1.4779D-01 1.5907D-01 1.7051D-01 1.7673D-01 1.8296D-01 1.8924D-01 1.9563D-01 2.0220D-01 2.0908D-01
 2.1644D-01 2.2450D-01 2.3362D-01 2.4428D-01 2.5727D-01 2.7370D-01 2.9522D-01 3.2370D-01 3.5828D-01 5.6876D-01
 8.3800D-01 9.6381D-01 9.9348D-01 9.9897D-01 9.9989D-01 1.0000D+00 1.0000D+00 1.0000D+00 1.0000D+00 1.0000D+00
 1.0000D+00 1.0000D+00 1.0000D+00 1.0000D+00 1.0000D+00 1.0000D+00 1.0000D+00 1.0000D+00 1.0000D+00 1.0000D+00
 1.0000D+00 1.0000D+00 1.0000D+00 1.0000D+00 1.0000D+00 1.0000D+00 1.0000D+00 1.0000D+00
         101           1          -1
 1.0000D+00 1.0000D+00 1.0000D+00 1.0000D+00 1.0000D+00 1.0000D+00 1.0000D+00 1.0000D+00 1.0000D+00 1.0000D+00
 1.0000D+00 1.0000D+00 1.0000D+00 1.0000D+00 1.0000D+00 1.0000D+00 1.0000D+00 1.0000D+00 1.0000D+00 1.0000D+00
 1.0000D+00 1.0000D+00 1.0000D+00 1.0000D+00 1.0000D+00 1.0000D+00 1.0000D+00 1.0000D+00 1.0000D+00 1.0000D+00
 1.0000D+00 1.0000D+00 1.0000D+00 1.0000D+00 1.0000D+00 1.0000D+00 1.0000D+00 1.0000D+00 1.0000D+00 1.0000D+00
 1.0000D+00 1.0000D+00 1.0000D+00 1.0000D+00 1.0000D+00 1.0000D+00 1.0000D+00 1.0000D+00 1.0000D+00 1.0000D+00
 1.0000D+00 1.0000D+00 1.0000D+00 1.0000D+00 1.0000D+00 1.0000D+00 1.0000D+00 1.0000D+00 1.0000D+00 1.0000D+00
 1.0000D+00 1.0000D+00 1.0000D+00 1.0000D+00 1.0000D+00 1.0000D+00 1.0000D+00 1.0000D+00 1.0000D+00 1.0000D+00
 1.0000D+00 1.0000D+00 1.0000D+00 1.0000D+00 1.0000D+00 1.0000D+00 1.0000D+00 1.0000D+00 1.0000D+00 1.0000D+00
 1.0000D+00 1.0000D+00 1.0000D+00 1.0000D+00 1.0000D+00 1.0000D+00 1.0000D+00 1.0000D+00 1.0000D+00 1.0000D+00
 1.0000D+00 1.0000D+00 1.0000D+00 1.0000D+00 1.0000D+00 1.0000D+00 1.0000D+00 1.0000D+00 1.0000D+00 1.0000D+00
 1.0000D+00 1.0000D+00 1.0000D+00 1.0000D+00 1.0000D+00 1.0000D+00 1.0000D+00 1.0000D+00 1.0000D+00 1.0000D+00
 1.0000D+00 1.0000D+00 1.0000D+00 1.0000D+00 1.0000D+00 1.0000D+00 1.0000D+00 1.0000D+00 1.0000D+00 1.0000D+00
 1.0000D+00 1.0000D+00 1.0000D+00 1.0000D+00 1.0000D+00 1.0000D+00 1.0000D+00 1.0000D+00
         202           1          -1
 1.0000D+00 1.0000D+00 1.0000D+00 1.0000D+00 1.0000D+00 1.0000D+00 1.0000D+00 1.0000D+00 1.0000D+00 1.0000D+00
 1.0000D+00 1.0000D+00 1.0000D+00 1.0000D+00 1.0000D+00 1.0000D+00 1.0000D+00 1.0000D+00 1.0000D+00 1.0000D+00
 1.0000D+00 1.0000D+00 1.0000D+00 1.0000D+00 1.0000D+00 1.0000D+00 1.0000D+00 1.0000D+00 1.0000D+00 1.0000D+00
 1.0000D+00 1.0000D+00 1.0000D+00 1.0000D+00 1.0000D+00 1.0000D+00 1.0000D+00 1.0000D+00 1.0000D+00 1.0000D+00
 1.0000D+00 1.0000D+00 1.0000D+00 1.0000D+00 1.0000D+00 1.0000D+00 1.0000D+00 1.0000D+00 1.0000D+00 1.0000D+00
 1.0000D+00 1.0000D+00 1.0000D+00 1.0000D+00 1.0000D+00 1.0000D+00 1.0000D+00 1.0000D+00 1.0000D+00 1.0000D+00
 1.0000D+00 1.0000D+00 1.0000D+00 1.0000D+00 1.0000D+00 1.0000D+00 1.0000D+00 1.0000D+00 1.0000D+00 1.0000D+00
 1.0000D+00 1.0000D+00 1.0000D+00 1.0000D+00 1.0000D+00 1.0000D+00 1.0000D+00 1.0000D+00 1.0000D+00 1.0000D+00
 1.0000D+00 1.0000D+00 1.0000D+00 1.0000D+00 1.0000D+00 1.0000D+00 1.0000D+00 1.0000D+00 1.0000D+00 1.0000D+00
 1.0000D+00 1.0000D+00 1.0000D+00 1.0000D+00 1.0000D+00 1.0000D+00 1.0000D+00 1.0000D+00 1.0000D+00 1.0000D+00
 1.0000D+00 1.0000D+00 1.0000D+00 1.0000D+00 1.0000D+00 1.0000D+00 1.0000D+00 1.0000D+00 1.0000D+00 1.0000D+00
 1.0000D+00 1.0000D+00 1.0000D+00 1.0000D+00 1.0000D+00 1.0000D+00 1.0000D+00 1.0000D+00 1.0000D+00 1.0000D+00
 1.0000D+00 1.0000D+00 1.0000D+00 1.0000D+00 1.0000D+00 1.0000D+00 1.0000D+00 1.0000D+00
 'END departure coefficients version 1.0'
 &PHOENIX 
